Packet Sent:#1#Round Trip Time#474170#Encryption Time Sender#108166#Decryption Time Sender#59879#Message:#106,285,447,944,14,166,38,542,775,553,919,759,263,379,772,44,142,911,451,542,236,892,256,290,418,440,547,653,418,440,547,653,558,334,786,530,707,971,342,505,1,5,59,973,14,166,290,828,27,367,443,633,142,911,400,879,#15.78#   54673#48616#48616#48616
Packet Sent:#2#Round Trip Time#579764#Encryption Time Sender#128601#Decryption Time Sender#57888#Message:#14,166,211,823,204,787,539,644,374,240,509,58,558,334,307,817,795,30,37,901,358,963,498,957,673,659,678,211,105,262,781,103,957,633,450,118,204,787,560,685,38,542,604,592,467,297,422,842,633,687,566,69,538,368,808,180,# .61#   8786s#48616#48616#48616
Packet Sent:#3#Round Trip Time#562016#Encryption Time Sender#120086#Decryption Time Sender#61450#Message:#558,334,786,530,1,5,841,294,745,752,774,98,243,969,337,627,134,877,375,950,346,119,76,248,75,147,237,214,801,226,100,273,143,154,700,196,775,553,294,85,781,888,515,327,337,364,756,7,1,5,26,82,143,154,805,226,# 8.57#   66118#48616#48504#48616
Packet Sent:#4#Round Trip Time#636903#Encryption Time Sender#130521#Decryption Time Sender#66279#Message:#428,595,1,5,471,968,804,335,853,921,290,828,263,379,698,120,673,659,450,118,36,913,8,712,400,879,107,96,243,969,261,650,801,226,100,273,781,888,515,327,36,913,309,30,263,379,123,104,204,787,121,384,745,752,977,396,#23.14#   6742#48616#48616#48616
Packet Sent:#5#Round Trip Time#588631#Encryption Time Sender#133134#Decryption Time Sender#63183#Message:#471,968,538,368,14,166,144,491,781,888,968,446,552,888,970,783,143,154,45,383,467,297,758,251,75,147,237,214,418,440,547,653,795,30,830,237,105,262,443,358,337,364,944,881,243,969,339,618,739,714,254,957,558,334,95,501,# 8.62#   60609#48616#48504#48616
Packet Sent:#6#Round Trip Time#568550#Encryption Time Sender#117740#Decryption Time Sender#60391#Message:#27,367,782,251,667,859,657,680,467,297,6,441,745,752,967,984,558,334,274,937,673,659,954,157,134,877,143,837,708,380,980,533,467,297,839,733,418,440,314,592,781,888,927,482,14,166,118,242,667,859,673,659,794,722,680,912,# 8.57#   59759s#48616#48616#48616
Packet Sent:#7#Round Trip Time#670229#Encryption Time Sender#113180#Decryption Time Sender#63091#Message:#418,440,547,653,739,714,910,516,552,888,62,116,236,892,810,550,620,252,676,310,106,285,282,638,649,103,33,640,1,5,732,764,243,969,261,650,204,787,560,685,809,531,521,719,667,859,210,505,418,440,515,664,337,364,67,243,# 8.56#   7096es#48616#48000#48112
Packet Sent:#8#Round Trip Time#668558#Encryption Time Sender#129318#Decryption Time Sender#59064#Message:#707,971,397,431,745,752,509,933,633,687,14,166,418,440,331,933,957,633,726,751,775,553,875,53,1,5,732,764,143,154,700,196,204,787,253,416,142,911,274,54,501,589,515,664,853,921,130,896,538,368,67,748,673,659,450,118,#23.14#  63074s#48112#48112#48112
Packet Sent:#9#Round Trip Time#786610#Encryption Time Sender#137771#Decryption Time Sender#59858#Message:#538,368,555,987,673,659,441,97,36,913,262,682,649,103,809,460,853,921,442,251,957,633,767,895,809,531,373,903,1,5,732,764,809,531,373,903,337,364,67,243,263,379,698,120,667,859,657,680,337,364,756,7,775,553,210,505,# 8.59#   61812#48112#48112#48112
Packet Sent:#10#Round Trip Time#787481#Encryption Time Sender#119214#Decryption Time Sender#60316#Message:#781,888,445,99,38,542,403,136,673,659,665,538,501,589,927,482,204,787,330,756,243,969,545,650,794,722,77,949,270,632,649,103,471,968,538,368,747,983,375,41,673,659,69,243,142,911,307,174,14,166,294,906,649,103,411,829,#15.7#   67734#48112#48000#48112
Packet Sent:#11#Round Trip Time#586115#Encryption Time Sender#119480#Decryption Time Sender#59911#Message:#649,103,33,640,346,119,284,303,14,166,318,785,649,103,809,460,75,147,46,872,707,971,52,792,708,380,980,533,809,531,373,903,143,154,700,196,739,714,442,740,809,531,273,139,957,633,631,937,747,983,248,576,38,542,836,366,# 8.54#   64123s#48112#48112#48112
Packet Sent:#12#Round Trip Time#565329#Encryption Time Sender#112398#Decryption Time Sender#63129#Message:#134,877,143,837,27,367,911,502,106,285,171,691,236,892,810,550,75,147,185,650,809,531,371,363,236,892,103,851,143,154,700,196,27,367,782,251,143,154,946,5,708,380,736,645,633,687,376,226,346,119,707,20,143,154,45,383,# 8.53#   59222#48112#48000#48112
Packet Sent:#13#Round Trip Time#563101#Encryption Time Sender#121297#Decryption Time Sender#59573#Message:#673,659,678,211,134,877,837,626,853,921,290,828,142,911,287,349,428,595,40,215,558,334,843,372,620,252,502,449,27,367,782,251,795,30,830,237,134,877,580,249,707,971,610,126,418,440,314,592,236,892,661,351,957,633,501,402,# 8.46#   58588s#48112#48112#48112
Packet Sent:#14#Round Trip Time#643444#Encryption Time Sender#129762#Decryption Time Sender#58830#Message:#620,252,339,373,75,147,46,872,957,633,656,929,38,542,484,254,604,592,582,633,418,440,119,357,558,334,786,530,204,787,253,416,27,367,782,251,795,30,722,43,14,166,555,987,134,877,577,595,667,859,622,921,143,154,881,535,#34.10#  74244#48112#48000#48112
Packet Sent:#15#Round Trip Time#568462#Encryption Time Sender#118507#Decryption Time Sender#65019#Message:#38,542,105,729,27,367,911,502,204,787,982,934,667,859,673,659,667,859,305,698,27,367,464,747,801,226,100,273,890,926,254,957,38,542,105,729,747,983,375,41,134,877,692,599,143,154,743,176,400,879,396,448,418,440,582,633,# 857#   64692#48112#48112#48112
Packet Sent:#16#Round Trip Time#586896#Encryption Time Sender#112303#Decryption Time Sender#69748#Message:#801,226,100,273,14,166,144,491,243,969,558,334,809,531,273,139,263,379,123,104,346,119,76,248,467,297,839,733,263,379,773,162,143,154,700,196,794,722,9,790,358,963,10,318,27,367,959,780,809,531,337,364,38,542,836,366,# 8.44#   64623es#48112#48000#48112
Packet Sent:#17#Round Trip Time#652926#Encryption Time Sender#113911#Decryption Time Sender#65829#Message:#471,968,804,335,667,859,428,396,775,553,919,759,105,262,481,472,667,859,171,691,747,983,345,211,747,983,146,746,106,285,544,300,358,963,393,426,27,367,959,780,358,963,106,706,471,968,520,932,745,752,336,897,471,968,306,184,#31.56#   68661s#48112#48112#48112
Packet Sent:#18#Round Trip Time#617149#Encryption Time Sender#111182#Decryption Time Sender#62907#Message:#467,297,775,553,552,888,950,626,270,632,339,618,236,892,86,54,707,971,397,431,27,367,464,747,75,147,237,214,374,240,622,921,801,226,100,273,853,921,170,117,204,787,560,685,204,787,330,756,552,888,579,414,428,595,91,924,#15.92#   675es#48112#48112#48112
Packet Sent:#19#Round Trip Time#591885#Encryption Time Sender#104730#Decryption Time Sender#64301#Message:#739,714,411,829,794,722,828,778,552,888,62,116,263,379,606,534,236,892,853,70,620,252,638,777,747,983,146,746,795,30,830,237,428,595,55,652,795,30,836,625,337,364,982,57,358,963,823,539,794,722,239,957,106,285,759,846,# 8.53#   63275#48112#48000#48112
Packet Sent:#20#Round Trip Time#575377#Encryption Time Sender#125131#Decryption Time Sender#67432#Message:#143,154,700,196,358,963,106,706,374,240,509,58,708,380,641,85,558,334,473,954,270,632,958,756,501,589,708,611,794,722,77,949,418,440,547,653,75,147,239,34,747,983,936,982,270,632,861,854,552,888,211,823,204,787,560,685,# 8.51#   6450#48112#48112#48112
Packet Sent:#21#Round Trip Time#580506#Encryption Time Sender#117059#Decryption Time Sender#61529#Message:#745,752,553,862,890,926,448,411,75,147,836,625,552,888,970,783,538,368,520,59,143,154,925,133,558,334,786,530,36,913,236,892,890,926,254,957,853,921,170,117,1,5,764,390,739,714,254,957,1,5,26,82,105,262,481,472,#15.69#   65015#48112#48000#48112
Packet Sent:#22#Round Trip Time#631560#Encryption Time Sender#137862#Decryption Time Sender#63961#Message:#358,963,44,986,236,892,810,550,134,877,40,215,667,859,657,680,501,589,620,252,747,983,345,211,36,913,236,892,270,632,649,103,374,240,622,921,633,687,707,971,673,659,386,613,649,103,186,171,795,30,274,937,358,963,823,539,#15.88#   59892s#48112#48112#48112
Packet Sent:#23#Round Trip Time#551612#Encryption Time Sender#117103#Decryption Time Sender#59709#Message:#552,888,269,768,14,166,144,491,667,859,787,936,467,297,237,214,794,722,9,790,428,595,267,559,236,892,103,851,358,963,393,426,667,859,183,779,337,364,586,465,243,969,676,681,890,926,606,457,708,380,271,156,1,5,841,294,# 8.46#   53278#48112#47888#48112
Packet Sent:#24#Round Trip Time#584682#Encryption Time Sender#104800#Decryption Time Sender#66794#Message:#794,722,77,949,358,963,106,706,673,659,665,538,270,632,898,262,739,714,910,516,204,787,291,653,143,154,700,196,374,240,622,921,707,971,536,545,14,166,290,828,739,714,968,545,747,983,248,576,890,926,966,919,204,787,539,644,# 8.48   6328#48112#48112#48112
Packet Sent:#25#Round Trip Time#608801#Encryption Time Sender#116747#Decryption Time Sender#55771#Message:#781,888,426,18,14,166,144,491,604,592,794,722,649,103,411,829,853,921,170,117,633,687,802,495,1,5,732,764,134,877,143,837,801,226,100,273,14,166,290,828,620,252,855,243,467,297,861,137,620,252,676,310,809,531,112,445,# 8.46#   61261#48112#48000#48112
Packet Sent:#26#Round Trip Time#577939#Encryption Time Sender#126616#Decryption Time Sender#60604#Message:#142,911,951,674,400,879,808,811,890,926,929,417,14,166,45,383,263,379,546,161,620,252,638,777,604,592,310,99,739,714,411,829,649,103,33,640,552,888,970,783,14,166,860,484,1,5,26,82,501,589,962,507,374,240,667,132,#23.00#   61128#48112#48112#48112
Packet Sent:#27#Round Trip Time#545302#Encryption Time Sender#123147#Decryption Time Sender#57189#Message:#538,368,555,987,745,752,567,463,775,553,919,759,27,367,26,909,707,971,203,575,775,553,875,53,795,30,830,237,633,687,694,756,38,542,105,729,1,5,149,935,134,877,194,624,552,888,810,441,809,531,193,249,236,892,661,351,# 8.51#   60108#48112#48112#48112
Packet Sent:#28#Round Trip Time#628364#Encryption Time Sender#121125#Decryption Time Sender#65167#Message:#552,888,193,249,337,364,982,57,400,879,853,921,38,542,484,254,36,913,656,62,418,440,119,357,739,714,411,829,471,968,538,368,708,380,980,533,739,714,442,740,337,364,629,603,142,911,942,493,745,752,336,897,781,888,445,99,#23.13#   62161s#48112#48000#48112
Packet Sent:#29#Round Trip Time#572098#Encryption Time Sender#119844#Decryption Time Sender#63433#Message:#673,659,678,211,418,440,931,1,890,926,929,417,27,367,26,909,552,888,429,252,801,226,508,767,739,714,411,829,204,787,253,416,38,542,105,729,106,285,680,79,134,877,580,249,673,659,121,607,236,892,330,756,673,659,69,243,# 8.54#  65577#48112#48112#48112
Packet Sent:#30#Round Trip Time#578331#Encryption Time Sender#119484#Decryption Time Sender#61655#Message:#471,968,306,184,467,297,235,227,633,687,14,166,649,103,186,171,552,888,810,441,106,285,282,638,142,911,273,139,633,687,694,756,538,368,555,987,358,963,175,550,270,632,861,854,418,440,314,592,400,879,478,446,633,687,258,518,#15.81#   65561#48112#48000#48112
Packet Sent:#31#Round Trip Time#587210#Encryption Time Sender#132201#Decryption Time Sender#60815#Message:#957,633,631,937,890,926,448,411,957,633,656,929,957,633,501,402,36,913,656,62,263,379,164,558,558,334,786,530,337,364,701,35,708,380,980,533,263,379,804,656,374,240,878,961,374,240,468,848,243,969,288,604,795,30,579,414,#15.83#   61283s#48112#48112#48112
Packet Sent:#32#Round Trip Time#582689#Encryption Time Sender#115639#Decryption Time Sender#57470#Message:#204,787,731,827,538,368,705,544,27,367,175,550,501,589,620,252,707,971,203,575,263,379,164,558,708,380,980,533,374,240,622,921,747,983,146,746,14,166,290,828,27,367,100,273,270,632,798,162,853,921,11,918,27,367,959,780,#5.81#   60176es#48112#48000#48112
Packet Sent:#33#Round Trip Time#582184#Encryption Time Sender#111862#Decryption Time Sender#67153#Message:#263,379,773,162,809,531,727,388,673,659,665,538,428,595,307,174,794,722,680,912,745,752,476,374,795,30,830,237,552,888,269,768,418,440,547,653,794,722,9,790,263,379,123,104,204,787,732,764,400,879,396,448,374,240,468,848,# 8.39#   6492#48112#48112#48112
Packet Sent:#34#Round Trip Time#576989#Encryption Time Sender#118436#Decryption Time Sender#62859#Message:#236,892,950,365,106,285,736,645,143,154,443,358,243,969,762,638,374,240,878,961,795,30,388,792,418,440,547,653,538,368,555,987,346,119,589,283,673,659,400,112,745,752,96,371,346,119,376,765,142,911,307,174,106,285,346,872,#17.01#   64572es#48112#48000#48112
Packet Sent:#35#Round Trip Time#579336#Encryption Time Sender#128415#Decryption Time Sender#61286#Message:#143,154,965,401,633,687,982,934,134,877,40,215,552,888,40,776,501,589,307,174,105,262,933,739,27,367,782,251,204,787,253,416,501,589,708,611,263,379,804,656,358,963,308,263,853,921,170,117,204,787,703,762,400,879,808,811,#16.99#  6563#48112#48112#48112
Packet Sent:#36#Round Trip Time#575907#Encryption Time Sender#121931#Decryption Time Sender#63817#Message:#36,913,681,830,708,380,641,85,795,30,367,789,957,633,442,251,142,911,274,54,471,968,60,189,270,632,649,103,374,240,622,921,957,633,450,118,552,888,970,783,747,983,54,813,337,364,629,603,105,262,443,358,707,971,367,202,#15.76#   61263#48112#48112#48112
Packet Sent:#37#Round Trip Time#551933#Encryption Time Sender#127182#Decryption Time Sender#53598#Message:#14,166,211,823,890,926,966,919,794,722,307,817,853,921,103,851,558,334,755,830,775,553,875,53,633,687,694,756,795,30,830,237,75,147,237,214,38,542,579,577,649,103,809,460,739,714,601,186,236,892,86,54,105,262,286,942,# 8.42#   65299#48112#48000#48112
Packet Sent:#38#Round Trip Time#628137#Encryption Time Sender#123823#Decryption Time Sender#68425#Message:#270,632,798,162,471,968,551,199,236,892,808,180,358,963,175,550,38,542,175,441,236,892,256,290,552,888,269,768,428,595,55,652,346,119,589,283,36,913,733,412,270,632,294,906,538,368,176,22,471,968,520,932,620,252,25,696,#15.69#   59168#48112#48112#48112
Packet Sent:#39#Round Trip Time#621328#Encryption Time Sender#123342#Decryption Time Sender#65519#Message:#36,913,236,892,552,888,742,860,538,368,520,932,38,542,836,366,142,911,836,366,134,877,901,275,501,589,708,611,263,379,773,162,745,752,471,968,134,877,919,759,471,968,916,326,552,888,970,783,1,5,261,650,809,531,375,950,# 8.39#   64609#48112#48000#48112
Packet Sent:#40#Round Trip Time#677898#Encryption Time Sender#128911#Decryption Time Sender#64714#Message:#649,103,175,441,36,913,681,830,263,379,478,446,558,334,361,448,36,913,676,681,649,103,470,135,673,659,678,211,75,147,237,214,270,632,649,103,374,240,62,116,673,659,386,613,27,367,443,633,134,877,837,626,270,632,535,575,#31.59#   69780#48112#48112#48112
Packet Sent:#41#Round Trip Time#591088#Encryption Time Sender#136199#Decryption Time Sender#59019#Message:#236,892,853,70,471,968,160,484,263,379,478,446,795,30,679,660,471,968,551,199,707,971,52,792,745,752,471,968,400,879,107,96,795,30,830,237,134,877,919,759,707,971,203,575,633,687,138,737,673,659,775,438,106,285,316,483,#32.85#   61710#48112#48000#48112
Packet Sent:#42#Round Trip Time#597668#Encryption Time Sender#138496#Decryption Time Sender#61204#Message:#27,367,764,601,957,633,380,261,36,913,262,682,649,103,809,460,75,147,747,983,794,722,870,464,604,592,310,99,649,103,33,640,501,589,708,611,745,752,336,897,418,440,582,633,957,633,442,251,538,368,789,660,75,147,349,583,#15.58#   62722#48112#48112#48112
Packet Sent:#43#Round Trip Time#620097#Encryption Time Sender#119471#Decryption Time Sender#62729#Message:#263,379,698,120,358,963,308,263,649,103,27,624,707,971,610,126,418,440,358,963,708,380,740,642,270,632,649,103,75,147,237,214,143,154,700,196,781,888,515,327,633,687,982,934,708,380,736,645,142,911,678,211,501,589,611,488,#15.83#   66901s#48112#48000#48112
Packet Sent:#44#Round Trip Time#610578#Encryption Time Sender#129155#Decryption Time Sender#65564#Message:#957,633,631,937,471,968,551,199,794,722,307,817,775,553,676,681,358,963,44,986,794,722,870,464,957,633,450,118,552,888,269,768,243,969,261,650,747,983,375,41,604,592,809,531,467,297,468,848,781,888,927,482,707,971,537,248,#15.71#   62094#48112#48112#48112
Packet Sent:#45#Round Trip Time#592217#Encryption Time Sender#125045#Decryption Time Sender#62442#Message:#134,877,143,837,501,589,620,252,428,595,263,612,270,632,861,854,346,119,654,142,14,166,82,601,358,963,393,426,14,166,211,823,853,921,182,512,552,888,970,783,604,592,582,633,106,285,447,944,106,285,353,938,781,888,832,281,# 8.51#   60188#48112#48112#48112
Packet Sent:#46#Round Trip Time#639376#Encryption Time Sender#121380#Decryption Time Sender#63124#Message:#620,252,339,373,708,380,102,178,649,103,27,624,781,888,927,482,1,5,841,294,105,262,933,739,337,364,701,35,604,592,310,99,36,913,236,892,346,119,185,341,673,659,400,112,471,968,626,603,620,252,255,155,467,297,153,653,#32.98#   66009#48112#48000#48112
Packet Sent:#47#Round Trip Time#593641#Encryption Time Sender#121293#Decryption Time Sender#62328#Message:#243,969,292,586,337,364,586,465,649,103,27,624,105,262,443,358,263,379,867,522,795,30,388,792,243,969,261,650,374,240,622,921,708,380,980,533,337,364,67,243,105,262,443,358,270,632,798,162,667,859,428,396,428,595,1,5,#15.69#   66112#48112#48112#48112
Packet Sent:#48#Round Trip Time#586227#Encryption Time Sender#121172#Decryption Time Sender#59472#Message:#794,722,77,949,467,297,320,267,346,119,400,112,501,589,515,664,358,963,106,706,633,687,802,495,795,30,830,237,890,926,254,957,853,921,182,512,667,859,171,691,781,888,95,501,428,595,91,924,346,119,540,40,236,892,64,641,# 8.38#   63574#48112#48000#48112
Packet Sent:#49#Round Trip Time#583427#Encryption Time Sender#119142#Decryption Time Sender#68350#Message:#552,888,810,441,745,752,967,984,809,531,358,28,667,859,305,698,633,687,707,971,270,632,958,756,809,531,373,903,809,531,373,903,558,334,786,530,620,252,676,310,809,531,521,719,794,722,980,533,747,983,54,178,747,983,936,982,#15.75#   67054#48112#48112#48112
Packet Sent:#50#Round Trip Time#588143#Encryption Time Sender#123942#Decryption Time Sender#57138#Message:#649,103,952,315,106,285,736,645,346,119,400,112,36,913,761,890,604,592,700,196,739,714,252,910,747,983,146,746,667,859,183,779,673,659,678,211,558,334,307,817,75,147,185,650,957,633,380,261,649,103,86,937,890,926,9,201,#17.04#   63563es#48112#48000#48112
Packet Sent:#51#Round Trip Time#613321#Encryption Time Sender#114549#Decryption Time Sender#55580#Message:#106,285,447,944,801,226,953,40,400,879,853,921,633,687,601,186,747,983,694,756,346,119,76,248,236,892,103,851,604,592,310,99,667,859,183,779,558,334,274,937,243,969,536,545,801,226,367,789,558,334,739,277,633,687,566,69,#17.00#   74688#48112#48112#48112
Packet Sent:#52#Round Trip Time#598546#Encryption Time Sender#114595#Decryption Time Sender#65240#Message:#143,154,965,401,673,659,400,112,745,752,774,98,36,913,676,681,106,285,269,768,270,632,958,756,747,983,146,746,801,226,100,273,204,787,253,416,739,714,442,740,418,440,931,1,471,968,551,199,75,147,9,201,36,913,309,30,#16.94#  68577~#48112#48000#48112
Packet Sent:#53#Round Trip Time#595435#Encryption Time Sender#123904#Decryption Time Sender#61711#Message:#708,380,980,533,890,926,966,919,358,963,804,656,142,911,167,414,471,968,551,199,667,859,35,487,795,30,830,237,781,888,426,18,374,240,622,921,428,595,40,215,667,859,305,698,552,888,40,776,14,166,860,484,36,913,135,62,# 8.55#   67912#48112#48112#48112
Packet Sent:#54#Round Trip Time#596500#Encryption Time Sender#113051#Decryption Time Sender#64382#Message:#27,367,27,367,558,334,688,947,739,714,95,490,38,542,836,366,263,379,900,217,795,30,388,792,794,722,77,949,604,592,310,99,418,440,547,653,38,542,403,136,957,633,443,633,346,119,239,957,673,659,450,118,747,983,694,756,#30.38#   59340#48112#48112#48112
Packet Sent:#55#Round Trip Time#581429#Encryption Time Sender#140210#Decryption Time Sender#61400#Message:#142,911,273,139,558,334,739,277,781,888,968,446,346,119,376,765,75,147,835,813,418,440,119,357,538,368,555,987,204,787,253,416,75,147,237,214,263,379,804,656,775,553,439,505,36,913,733,412,501,589,927,482,538,368,612,489,# 8.51#  65578s#48112#48000#48112
Packet Sent:#56#Round Trip Time#603158#Encryption Time Sender#124586#Decryption Time Sender#69532#Message:#801,226,890,65,337,364,586,465,471,968,86,937,14,166,118,242,36,913,733,412,38,542,693,384,794,722,77,949,707,971,536,545,957,633,450,118,707,971,867,469,105,262,680,912,707,971,397,431,374,240,667,132,38,542,453,618,#15.75#   63282#48112#48112#48112
Packet Sent:#57#Round Trip Time#595027#Encryption Time Sender#134564#Decryption Time Sender#63659#Message:#604,592,459,489,134,877,580,249,143,154,443,358,236,892,330,756,105,262,73,399,667,859,35,487,105,262,781,103,428,595,55,652,106,285,544,300,673,659,400,112,781,888,782,251,270,632,336,94,707,971,342,505,739,714,286,942,#15.74#   64357es#48112#48000#48112
Packet Sent:#58#Round Trip Time#604476#Encryption Time Sender#116429#Decryption Time Sender#66624#Message:#337,364,629,603,809,531,273,139,358,963,804,656,337,364,629,603,747,983,558,657,558,334,843,372,809,531,373,903,400,879,107,96,467,297,839,733,27,367,959,780,27,367,100,273,263,379,546,161,957,633,443,633,263,379,698,120,#24.23#   60091#48112#48112#48112
Packet Sent:#59#Round Trip Time#572333#Encryption Time Sender#125557#Decryption Time Sender#69108#Message:#236,892,950,365,707,971,62,875,75,147,836,625,667,859,428,396,400,879,1,986,243,969,545,650,134,877,143,837,538,368,555,987,358,963,393,426,142,911,274,54,747,983,694,756,374,240,919,232,134,877,62,875,106,285,269,768,#17.15#   60994#48112#48000#48112
Packet Sent:#60#Round Trip Time#577420#Encryption Time Sender#125232#Decryption Time Sender#60464#Message:#374,240,878,961,794,722,218,249,142,911,239,34,801,226,346,119,418,440,95,501,337,364,357,330,243,969,261,650,467,297,839,733,667,859,183,779,795,30,836,625,418,440,927,509,467,297,422,842,38,542,484,254,467,297,237,214,#15.57#   66714#48112#48112#48000
Packet Sent:#61#Round Trip Time#570153#Encryption Time Sender#108824#Decryption Time Sender#66607#Message:#747,983,146,746,538,368,612,489,604,592,794,722,538,368,705,544,236,892,853,70,38,542,693,384,14,166,211,823,707,971,536,545,739,714,411,829,673,659,69,243,558,334,361,448,471,968,507,921,236,892,64,641,106,285,9,201,# 8.53#   75849es#48000#48000#48112
Packet Sent:#62#Round Trip Time#584130#Encryption Time Sender#107672#Decryption Time Sender#63878#Message:#552,888,269,768,890,926,966,919,604,592,794,722,620,252,339,373,143,154,805,226,236,892,256,290,673,659,678,211,374,240,622,921,105,262,781,103,106,285,680,79,270,632,396,448,204,787,732,764,667,859,657,680,667,859,210,505,# 8.38#   6780s#48112#48112#48112
Packet Sent:#63#Round Trip Time#616895#Encryption Time Sender#117692#Decryption Time Sender#60627#Message:#358,963,393,426,467,297,320,267,558,334,170,117,471,968,804,335,263,379,123,104,270,632,958,756,428,595,55,652,106,285,544,300,134,877,143,837,890,926,263,612,649,103,272,437,418,440,515,664,337,364,756,7,633,687,138,737,# 8.34#   67917#48112#48112#48112
Packet Sent:#64#Round Trip Time#585685#Encryption Time Sender#114689#Decryption Time Sender#67195#Message:#400,879,107,96,558,334,739,277,243,969,558,334,374,240,774,893,337,364,756,7,358,963,498,957,358,963,393,426,400,879,107,96,890,926,254,957,890,926,263,612,428,595,113,549,105,262,680,912,794,722,263,379,36,913,761,890,# 8.31#   61330s#48112#48000#48112
Packet Sent:#65#Round Trip Time#615050#Encryption Time Sender#118205#Decryption Time Sender#60858#Message:#801,226,890,65,134,877,580,249,673,659,665,538,106,285,680,79,957,633,504,323,673,659,954,157,243,969,261,650,649,103,33,640,538,368,555,987,667,859,171,691,400,879,302,775,745,752,509,933,358,963,106,706,795,30,722,43,#15.60#   61387s#48112#48112#48112
Packet Sent:#66#Round Trip Time#611184#Encryption Time Sender#135267#Decryption Time Sender#64452#Message:#620,252,259,984,143,154,946,5,36,913,262,682,346,119,547,653,538,368,520,59,501,589,56,85,418,440,547,653,747,983,146,746,243,969,261,650,890,926,263,612,801,226,759,145,739,714,910,516,27,367,26,909,38,542,836,366,#25.49#   62853#48112#48000#48112
Packet Sent:#67#Round Trip Time#603833#Encryption Time Sender#110149#Decryption Time Sender#57353#Message:#745,752,977,396,204,787,732,764,204,787,982,934,957,633,83,71,142,911,307,174,75,147,277,16,708,380,980,533,1,5,732,764,14,166,211,823,374,240,867,522,649,103,36,913,38,542,970,208,853,921,103,851,236,892,950,365,#227#   72741#48112#48112#48112
Packet Sent:#68#Round Trip Time#619113#Encryption Time Sender#121370#Decryption Time Sender#58368#Message:#781,888,426,18,853,921,754,938,775,553,919,759,890,926,786,530,1,5,261,650,604,592,266,463,890,926,254,957,707,971,536,545,781,888,426,18,38,542,579,577,142,911,167,414,374,240,596,45,14,166,290,828,270,632,294,906,# 8.40#   65569#48112#48000#48112
Packet Sent:#69#Round Trip Time#586740#Encryption Time Sender#104117#Decryption Time Sender#63805#Message:#134,877,143,837,809,531,727,388,263,379,478,446,620,252,339,373,501,589,620,252,358,963,498,957,794,722,77,949,346,119,589,283,27,367,782,251,633,687,982,934,890,926,966,919,552,888,950,626,400,879,955,349,538,368,683,382,# 8.38#   68580#48112#48112#48112
Packet Sent:#70#Round Trip Time#577747#Encryption Time Sender#133617#Decryption Time Sender#65064#Message:#270,632,798,162,142,911,167,414,27,367,175,550,358,963,106,706,38,542,604,592,36,913,8,712,1,5,732,764,471,968,538,368,620,252,502,449,809,531,262,682,467,297,422,842,134,877,375,950,374,240,878,961,467,297,861,137,#15.88#   67712#48112#48112#48112
Packet Sent:#71#Round Trip Time#581689#Encryption Time Sender#125583#Decryption Time Sender#69471#Message:#143,154,45,383,747,983,936,982,38,542,185,341,142,911,400,879,747,983,694,756,236,892,256,290,27,367,782,251,739,714,411,829,418,440,547,653,809,531,467,694,794,722,828,778,747,983,644,79,795,30,836,625,781,888,386,613,#24.30#   58867s#48112#48000#48112
Packet Sent:#72#Round Trip Time#573310#Encryption Time Sender#133279#Decryption Time Sender#65123#Message:#809,531,112,445,143,154,743,176,633,687,14,166,75,147,239,957,707,971,867,469,428,595,267,559,1,5,732,764,890,926,254,957,673,659,678,211,36,913,330,235,400,879,808,811,957,633,501,402,204,787,121,384,471,968,808,811,#16.96#   6389es#48112#48112#48112
Packet Sent:#73#Round Trip Time#580373#Encryption Time Sender#122587#Decryption Time Sender#64822#Message:#620,252,502,449,106,285,353,938,552,888,62,116,801,226,502,449,27,367,166,352,75,147,277,16,633,687,694,756,105,262,781,103,747,983,146,746,1,5,764,390,38,542,175,441,270,632,798,162,243,969,292,586,75,147,9,201,# 8.44#   59117#48112#48000#48112
Packet Sent:#74#Round Trip Time#597525#Encryption Time Sender#125131#Decryption Time Sender#57330#Message:#633,687,376,226,358,963,10,318,236,892,808,180,243,969,467,297,795,30,37,901,36,913,8,712,739,714,411,829,633,687,694,756,105,262,781,103,633,687,982,934,707,971,804,335,775,553,724,93,801,226,867,522,374,240,774,893,#24.21#   69133es#48112#48112#48112
Packet Sent:#75#Round Trip Time#573582#Encryption Time Sender#133033#Decryption Time Sender#66436#Message:#36,913,236,892,134,877,837,626,781,888,968,446,418,440,687,345,263,379,867,522,38,542,693,384,794,722,77,949,374,240,622,921,374,240,622,921,633,687,982,934,745,752,704,913,853,921,170,117,134,877,580,249,781,888,445,99,# 8.49#   60651s#48112#48000#48112
Packet Sent:#76#Round Trip Time#575129#Encryption Time Sender#120055#Decryption Time Sender#68833#Message:#428,595,55,652,358,963,106,706,633,687,14,166,890,926,786,530,890,926,606,457,794,722,870,464,747,983,146,746,75,147,237,214,538,368,555,987,75,147,239,34,707,971,367,202,27,367,100,273,204,787,656,929,604,592,774,98,# 8.42#   6306#48112#48112#48112
Packet Sent:#77#Round Trip Time#564169#Encryption Time Sender#142820#Decryption Time Sender#66412#Message:#270,632,649,103,747,983,644,79,358,963,804,656,620,252,463,683,27,367,297,640,143,154,925,133,27,367,782,251,747,983,146,746,552,888,269,768,707,971,867,469,604,592,774,98,558,334,260,521,853,921,754,938,552,888,40,776,# 8.42#   66489#48112#48000#48112
Packet Sent:#78#Round Trip Time#569138#Encryption Time Sender#140744#Decryption Time Sender#62568#Message:#781,888,445,99,428,595,91,924,346,119,400,112,374,240,919,232,667,859,428,396,620,252,638,777,745,752,471,968,471,968,538,368,781,888,426,18,263,379,804,656,236,892,140,225,739,714,254,957,1,5,149,935,75,147,658,79,#15.91#   62060#48112#48112#48000
Packet Sent:#79#Round Trip Time#635254#Encryption Time Sender#131851#Decryption Time Sender#65005#Message:#667,859,743,815,747,983,248,576,673,659,665,538,1,5,149,935,957,633,286,49,337,364,357,330,106,285,544,300,707,971,536,545,204,787,253,416,75,147,506,973,620,252,676,310,263,379,804,656,400,879,478,446,36,913,309,30,#32.66#  56667#48000#48112#48112
Packet Sent:#80#Round Trip Time#551552#Encryption Time Sender#124406#Decryption Time Sender#60180#Message:#358,963,44,986,14,166,118,242,673,659,665,538,794,722,980,533,75,147,506,973,708,380,740,642,374,240,622,921,708,380,980,533,809,531,373,903,673,659,400,112,1,5,14,825,558,334,307,817,14,166,118,242,795,30,673,332,#17.05#   63672#48112#48000#48112
Packet Sent:#81#Round Trip Time#589668#Encryption Time Sender#90786#Decryption Time Sender#55154#Message:#270,632,798,162,673,659,400,112,708,380,895,572,346,119,959,211,538,368,808,180,673,659,954,157,236,892,103,851,739,714,411,829,667,859,183,779,745,752,336,897,236,892,810,550,501,589,611,488,337,364,808,811,243,969,332,557,#16.96#   65179#48112#48112#48112
Packet Sent:#82#Round Trip Time#594515#Encryption Time Sender#121907#Decryption Time Sender#63509#Message:#358,963,393,426,428,595,180,636,38,542,185,341,428,595,77,949,358,963,10,318,1,5,800,754,243,969,261,650,745,752,471,968,853,921,182,512,428,595,40,215,358,963,44,986,36,913,309,30,673,659,450,118,957,633,631,937,# 8.44#   61741#48112#48000#48112
Packet Sent:#83#Round Trip Time#587111#Encryption Time Sender#114156#Decryption Time Sender#61997#Message:#649,103,952,315,263,379,804,656,36,913,262,682,467,297,153,653,501,589,620,252,604,592,266,463,552,888,269,768,204,787,253,416,1,5,732,764,795,30,722,43,38,542,579,577,604,592,36,78,558,334,274,937,143,154,743,176,#16.98#  76576#48112#48112#48112
Packet Sent:#84#Round Trip Time#579095#Encryption Time Sender#98430#Decryption Time Sender#60633#Message:#243,969,261,650,633,687,566,69,775,553,919,759,673,659,274,937,552,888,742,860,781,888,99,629,358,963,393,426,673,659,678,211,358,963,393,426,374,240,62,116,428,595,153,653,620,252,294,906,673,659,789,660,142,911,836,366,# 8.38#   67709#48112#48000#48112
Packet Sent:#85#Round Trip Time#607687#Encryption Time Sender#120950#Decryption Time Sender#64305#Message:#358,963,393,426,620,252,25,696,707,971,579,577,243,969,337,627,75,147,46,872,781,888,99,629,346,119,589,283,346,119,589,283,745,752,471,968,204,787,656,929,853,921,102,813,263,379,900,217,38,542,882,751,633,687,772,44,# 8.54#   5809s#48112#48112#48112
Packet Sent:#86#Round Trip Time#575027#Encryption Time Sender#141527#Decryption Time Sender#64657#Message:#775,553,74,420,106,285,353,938,649,103,27,624,649,103,175,441,957,633,443,633,36,913,8,712,418,440,547,653,374,240,622,921,270,632,649,103,552,888,970,783,853,921,919,232,346,119,654,142,809,531,273,139,142,911,400,879,# 8.39#   63143#48112#48000#48112
Packet Sent:#87#Round Trip Time#565399#Encryption Time Sender#125862#Decryption Time Sender#60542#Message:#801,226,100,273,337,364,850,236,633,687,14,166,739,714,968,545,775,553,814,527,467,297,758,251,38,542,105,729,794,722,77,949,142,911,273,139,358,963,175,550,270,632,509,58,604,592,700,196,801,226,346,119,708,380,629,603,# 8.30#   66450s#48112#48112#48000
Packet Sent:#88#Round Trip Time#602668#Encryption Time Sender#126191#Decryption Time Sender#67683#Message:#400,879,107,96,428,595,180,636,204,787,982,934,270,632,336,94,781,888,782,251,75,147,277,16,143,154,700,196,346,119,589,283,346,119,589,283,558,334,307,817,667,859,305,698,809,531,467,694,471,968,551,199,27,367,297,640,# 834#   67552#48000#48112#48112
Packet Sent:#89#Round Trip Time#576054#Encryption Time Sender#106955#Decryption Time Sender#61492#Message:#853,921,182,512,374,240,667,132,143,154,443,358,143,154,946,5,853,921,919,232,890,926,570,826,14,166,211,823,263,379,773,162,243,969,261,650,633,687,982,934,853,921,102,813,467,297,358,28,745,752,336,897,604,592,149,56,# 8.53#   65669#48112#48000#48112
Packet Sent:#90#Round Trip Time#569930#Encryption Time Sender#121673#Decryption Time Sender#59551#Message:#633,687,694,756,853,921,754,938,633,687,14,166,673,659,274,937,745,752,567,463,142,911,178,901,400,879,107,96,501,589,708,611,143,154,700,196,633,687,982,934,243,969,467,297,358,963,947,608,467,297,861,137,142,911,274,54,# 8.38#   62026s#48112#48112#48112
Packet Sent:#91#Round Trip Time#558878#Encryption Time Sender#133466#Decryption Time Sender#65617#Message:#558,334,786,530,143,154,805,226,957,633,656,929,418,440,358,963,142,911,274,54,809,531,371,363,106,285,544,300,957,633,450,118,809,531,373,903,795,30,722,43,418,440,183,779,775,553,724,93,270,632,383,74,38,542,836,366,# 8.36#   70183s#48112#48000#48112
Packet Sent:#92#Round Trip Time#534471#Encryption Time Sender#124024#Decryption Time Sender#60709#Message:#781,888,426,18,270,632,383,74,620,252,336,897,649,103,175,441,27,367,764,601,236,892,256,290,14,166,211,823,142,911,273,139,620,252,502,449,1,5,149,935,1,5,261,650,374,240,863,950,418,440,314,592,142,911,287,349,# 8.31#   60054#48112#48112#48112
Packet Sent:#93#Round Trip Time#598448#Encryption Time Sender#129447#Decryption Time Sender#65495#Message:#236,892,103,851,204,787,539,644,337,364,330,235,337,364,982,57,428,595,970,208,781,888,99,629,633,687,694,756,270,632,649,103,143,154,700,196,75,147,239,34,243,969,264,945,471,968,520,932,471,968,507,921,747,983,248,576,# .39#   67682s#48112#48000#48112
Packet Sent:#94#Round Trip Time#555614#Encryption Time Sender#113620#Decryption Time Sender#59451#Message:#501,589,708,611,558,334,739,277,558,334,170,117,538,368,478,545,467,297,927,482,747,983,345,211,801,226,100,273,649,103,33,640,143,154,700,196,1,5,149,935,604,592,36,78,707,971,804,335,14,166,38,542,337,364,586,465,# 8.33#   65955#48112#48112#48112
Packet Sent:#95#Round Trip Time#594137#Encryption Time Sender#129514#Decryption Time Sender#70321#Message:#794,722,174,745,794,722,218,249,27,367,175,550,243,969,337,627,358,963,579,414,243,969,545,650,105,262,781,103,801,226,100,273,36,913,236,892,400,879,478,446,374,240,867,522,143,154,839,733,853,921,641,906,467,297,237,214,#15.59#   67024s#48112#48000#48112
Packet Sent:#96#Round Trip Time#521406#Encryption Time Sender#134696#Decryption Time Sender#62567#Message:#1,5,732,764,143,154,805,226,707,971,579,577,1,5,14,825,143,154,965,401,673,659,954,157,1,5,732,764,707,971,536,545,707,971,536,545,633,687,707,971,236,892,86,54,633,687,601,186,374,240,62,116,75,147,658,79,# 8.31#   59060es#48112#48112#48112
Packet Sent:#97#Round Trip Time#593487#Encryption Time Sender#117663#Decryption Time Sender#66732#Message:#538,368,176,22,707,971,342,505,853,921,290,828,27,367,911,502,801,226,651,769,801,226,508,767,1,5,732,764,809,531,373,903,707,971,536,545,400,879,478,446,801,226,346,119,538,368,808,180,558,334,473,954,745,752,977,396,#15.88#   65612#48112#48112#48112
Packet Sent:#98#Round Trip Time#566000#Encryption Time Sender#134817#Decryption Time Sender#59602#Message:#36,913,236,892,745,752,567,463,428,595,263,612,538,368,789,660,853,921,102,813,105,262,933,739,105,262,781,103,558,334,786,530,673,659,678,211,374,240,596,45,667,859,722,43,105,262,71,498,801,226,11,918,337,364,586,465,# 8.25#   59295s#48112#48000#48112
Packet Sent:#99#Round Trip Time#585746#Encryption Time Sender#120501#Decryption Time Sender#66219#Message:#853,921,869,663,781,888,13,234,552,888,62,116,270,632,396,448,358,963,308,263,236,892,256,290,204,787,253,416,38,542,105,729,471,968,538,368,374,240,62,116,36,913,681,830,809,531,467,694,428,595,248,576,673,659,69,243,#15.75#  61507s#48112#48112#48112
Packet Sent:#100#Round Trip Time#575223#Encryption Time Sender#132291#Decryption Time Sender#62204#Message:#14,166,211,823,552,888,742,860,801,226,408,423,467,297,237,214,36,913,681,830,75,147,277,16,801,226,100,273,143,154,700,196,418,440,547,653,795,30,355,744,707,971,610,126,673,659,775,438,14,166,144,491,739,714,170,874,# 8.41#   58189#48112#48000#48112
Packet Sent:#101#Round Trip Time#548780#Encryption Time Sender#112563#Decryption Time Sender#59494#Message:#795,30,830,237,795,30,679,660,708,380,895,572,36,913,58,363,243,969,536,545,142,911,178,901,270,632,649,103,142,911,273,139,75,147,237,214,890,926,448,411,707,971,804,335,633,687,601,186,552,888,429,252,775,553,814,527,# 8.44#   59040s#48112#48112#48112
Packet Sent:#102#Round Trip Time#584792#Encryption Time Sender#129034#Decryption Time Sender#66642#Message:#1,5,26,82,673,659,69,243,27,367,175,550,36,913,761,890,890,926,786,530,38,542,693,384,374,240,622,921,801,226,100,273,707,971,536,545,358,963,175,550,418,440,183,779,106,285,346,872,781,888,927,482,337,364,756,7,#17.04#   60291#48112#48000#48112
Packet Sent:#103#Round Trip Time#583322#Encryption Time Sender#133486#Decryption Time Sender#60691#Message:#243,969,292,586,794,722,9,790,620,252,336,897,747,983,262,309,204,787,539,644,14,166,82,601,105,262,781,103,501,589,708,611,781,888,426,18,747,983,375,41,142,911,400,879,795,30,836,625,105,262,286,942,106,285,680,79,#16.9#   63696es#48112#48112#48112
Packet Sent:#104#Round Trip Time#578587#Encryption Time Sender#121347#Decryption Time Sender#64689#Message:#707,971,536,545,358,963,106,706,781,888,968,446,708,380,102,178,708,380,393,426,105,262,933,739,243,969,261,650,673,659,678,211,604,592,310,99,428,595,91,924,400,879,955,349,775,553,509,933,558,334,260,521,142,911,274,54,# 8.24#   58946#48112#48112#48112
Packet Sent:#105#Round Trip Time#576910#Encryption Time Sender#122122#Decryption Time Sender#66799#Message:#673,659,678,211,270,632,383,74,747,983,676,310,604,592,809,531,14,166,290,828,745,752,476,374,270,632,649,103,708,380,980,533,14,166,211,823,204,787,656,929,739,714,910,516,337,364,808,811,1,5,774,893,400,879,91,67,# 8.26#   8792#48112#48000#48112
Packet Sent:#106#Round Trip Time#600908#Encryption Time Sender#127397#Decryption Time Sender#67945#Message:#809,531,337,364,708,380,393,426,552,888,62,116,400,879,91,67,337,364,336,94,106,285,282,638,795,30,830,237,106,285,544,300,204,787,253,416,105,262,443,358,204,787,539,644,633,687,67,748,270,632,336,94,143,154,946,5,#24.29#  6335es#48112#48112#48112
Packet Sent:#107#Round Trip Time#575416#Encryption Time Sender#126100#Decryption Time Sender#64988#Message:#801,226,100,273,38,542,604,592,747,983,676,310,270,632,861,854,36,913,330,235,552,888,168,635,471,968,538,368,501,589,708,611,649,103,33,640,374,240,62,116,270,632,336,94,552,888,40,776,604,592,562,363,243,969,332,557,# 8.56#   63979es#48112#48000#48112
Packet Sent:#108#Round Trip Time#569058#Encryption Time Sender#113877#Decryption Time Sender#67313#Message:#471,968,538,368,707,971,610,126,552,888,62,116,38,542,453,618,400,879,478,446,243,969,545,650,747,983,146,746,538,368,555,987,14,166,211,823,673,659,400,112,27,367,911,502,374,240,919,232,809,531,112,445,552,888,40,776,# 8.26#   68919#48112#48112#48112
Packet Sent:#109#Round Trip Time#569679#Encryption Time Sender#134143#Decryption Time Sender#60040#Message:#775,553,74,420,204,787,539,644,400,879,853,921,204,787,656,929,708,380,641,85,501,589,56,85,745,752,471,968,747,983,146,746,38,542,105,729,263,379,804,656,538,368,478,545,853,921,102,813,633,687,67,748,890,926,448,411,# .5#   63535#48112#48000#48112
Packet Sent:#110#Round Trip Time#591001#Encryption Time Sender#124399#Decryption Time Sender#64591#Message:#337,364,701,35,75,147,747,983,263,379,478,446,604,592,36,78,673,659,69,243,467,297,758,251,633,687,694,756,667,859,183,779,263,379,773,162,745,752,336,897,775,553,524,6,604,592,522,947,106,285,9,201,36,913,978,183,# 8.57#   64898#48112#48112#48112
Packet Sent:#111#Round Trip Time#605743#Encryption Time Sender#129014#Decryption Time Sender#68823#Message:#538,368,789,660,374,240,774,893,143,154,443,358,667,859,210,505,604,592,809,531,142,911,178,901,794,722,77,949,1,5,732,764,14,166,211,823,374,240,62,116,620,252,463,683,263,379,123,104,134,877,170,874,270,632,396,448,#23.02#   64437#48112#48000#48112
Packet Sent:#112#Round Trip Time#565930#Encryption Time Sender#125125#Decryption Time Sender#63660#Message:#795,30,830,237,620,252,25,696,428,595,263,612,620,252,339,373,358,963,106,706,708,380,740,642,801,226,100,273,374,240,622,921,428,595,55,652,649,103,272,437,667,859,428,396,745,752,336,897,467,297,468,848,263,379,123,104,# 8.38#   71604#48112#48112#48112
Packet Sent:#113#Round Trip Time#553478#Encryption Time Sender#116479#Decryption Time Sender#66291#Message:#400,879,107,96,471,968,507,921,775,553,919,759,747,983,558,657,558,334,40,776,75,147,277,16,795,30,830,237,346,119,589,283,418,440,547,653,853,921,170,117,27,367,297,640,853,921,442,251,1,5,149,935,707,971,62,875,# 8.33#   62967#48112#48112#48112
Packet Sent:#114#Round Trip Time#575105#Encryption Time Sender#127645#Decryption Time Sender#62013#Message:#957,633,450,118,14,166,144,491,558,334,170,117,105,262,73,399,853,921,103,851,204,787,291,653,374,240,622,921,781,888,426,18,633,687,694,756,143,154,743,176,236,892,853,70,781,888,927,482,263,379,520,59,14,166,45,383,# 8.44   63930es#48112#48000#48112
Packet Sent:#115#Round Trip Time#577432#Encryption Time Sender#103125#Decryption Time Sender#64756#Message:#38,542,105,729,809,531,727,388,747,983,676,310,620,252,339,373,134,877,62,875,337,364,357,330,633,687,694,756,501,589,708,611,558,334,786,530,75,147,239,34,428,595,153,653,374,240,867,522,418,440,582,633,1,5,16,625,# 8.39#   67722#48112#48112#48112
Packet Sent:#116#Round Trip Time#579080#Encryption Time Sender#133790#Decryption Time Sender#59160#Message:#649,103,33,640,673,659,441,97,236,892,808,180,801,226,759,145,105,262,745,752,400,879,177,384,739,714,411,829,105,262,781,103,649,103,33,640,801,226,367,789,745,752,553,862,739,714,601,186,374,240,878,961,673,659,274,937,# 8.28#   61213#48112#48000#48112
Packet Sent:#117#Round Trip Time#565879#Encryption Time Sender#128169#Decryption Time Sender#69543#Message:#781,888,426,18,809,531,727,388,418,440,286,49,14,166,294,906,747,983,558,657,358,963,498,957,673,659,678,211,794,722,77,949,620,252,502,449,745,752,336,897,418,440,687,345,745,752,332,557,739,714,214,193,400,879,1,986,# 8.33#   64755#48112#48112#48112
Packet Sent:#118#Round Trip Time#557075#Encryption Time Sender#131518#Decryption Time Sender#60507#Message:#1,5,732,764,708,380,496,734,14,166,318,785,105,262,71,498,853,921,919,232,604,592,266,463,467,297,839,733,538,368,555,987,400,879,107,96,620,252,969,498,633,687,982,934,374,240,667,132,236,892,661,351,633,687,67,748,# 8.23#   56883#48112#48000#48112
Packet Sent:#119#Round Trip Time#568003#Encryption Time Sender#112384#Decryption Time Sender#61545#Message:#795,30,830,237,374,240,667,132,467,297,6,441,243,969,467,297,501,589,515,664,75,147,277,16,14,166,211,823,374,240,622,921,418,440,547,653,707,971,867,469,418,440,183,779,794,722,828,778,428,595,180,636,400,879,955,349,# 8.23#   60888#48112#48112#48112
Packet Sent:#120#Round Trip Time#571135#Encryption Time Sender#123321#Decryption Time Sender#63001#Message:#538,368,555,987,552,888,742,860,667,859,787,936,673,659,450,118,552,888,810,441,105,262,933,739,204,787,253,416,467,297,839,733,337,364,701,35,106,285,680,79,14,166,38,542,633,687,138,737,358,963,44,986,358,963,175,550,# 8.41#  65716s#48112#48000#48112
Packet Sent:#121#Round Trip Time#579653#Encryption Time Sender#127616#Decryption Time Sender#64303#Message:#775,553,74,420,346,119,284,303,105,262,515,327,418,440,358,963,204,787,732,764,673,659,954,157,707,971,536,545,707,971,536,545,957,633,450,118,794,722,9,790,604,592,700,196,400,879,396,448,75,147,9,201,143,154,805,226,# 8.3#   64978#48112#48112#48112
Packet Sent:#122#Round Trip Time#551195#Encryption Time Sender#119470#Decryption Time Sender#64598#Message:#75,147,237,214,428,595,180,636,708,380,895,572,552,888,794,269,337,364,850,236,36,913,8,712,673,659,678,211,467,297,839,733,134,877,143,837,552,888,950,626,243,969,288,604,633,687,258,518,75,147,747,983,501,589,307,174,# 8.38#   58189⸮#48112#48112#48112
Packet Sent:#123#Round Trip Time#544769#Encryption Time Sender#118314#Decryption Time Sender#64855#Message:#38,542,105,729,36,913,978,183,105,262,515,327,707,971,867,469,604,592,459,489,27,367,464,747,667,859,183,779,75,147,237,214,558,334,786,530,142,911,167,414,270,632,383,74,1,5,14,825,707,971,537,248,263,379,772,44,# 8.61#   58347#48112#48000#48112
Packet Sent:#124#Round Trip Time#592654#Encryption Time Sender#110985#Decryption Time Sender#67169#Message:#346,119,589,283,346,119,284,303,337,364,330,235,75,147,185,650,204,787,732,764,105,262,933,739,263,379,773,162,428,595,55,652,801,226,100,273,538,368,808,180,467,297,153,653,794,722,845,723,809,531,727,388,781,888,927,482,# 8.3#   69489s#48112#48112#48112
Packet Sent:#125#Round Trip Time#555024#Encryption Time Sender#118590#Decryption Time Sender#60795#Message:#105,262,781,103,673,659,441,97,707,971,579,577,552,888,794,269,745,752,509,933,558,334,843,372,538,368,555,987,707,971,536,545,27,367,782,251,801,226,367,789,552,888,950,626,667,859,171,691,708,380,271,156,957,633,443,633,# 8.33#   65679s#48112#48000#48112
Packet Sent:#126#Round Trip Time#592750#Encryption Time Sender#127585#Decryption Time Sender#60105#Message:#36,913,135,62,270,632,336,94,27,367,175,550,36,913,135,62,649,103,411,829,795,30,388,792,673,659,678,211,667,859,183,779,337,364,701,35,374,240,62,116,620,252,255,155,134,877,837,626,957,633,501,402,105,262,286,942,#23.24#   60889#48112#48112#48112
Packet Sent:#127#Round Trip Time#582691#Encryption Time Sender#126791#Decryption Time Sender#66319#Message:#471,968,538,368,75,147,747,983,538,368,520,932,801,226,502,449,707,971,163,425,263,379,164,558,809,531,373,903,14,166,211,823,708,380,980,533,105,262,443,358,75,147,835,813,673,659,441,97,428,595,1,5,134,877,577,595,# 8.40#   61822#48112#48000#48112
Packet Sent:#128#Round Trip Time#575574#Encryption Time Sender#98594#Decryption Time Sender#66627#Message:#781,888,445,99,428,595,91,924,358,963,804,656,14,166,290,828,346,119,540,40,36,913,8,712,1,5,732,764,36,913,236,892,604,592,310,99,795,30,836,625,552,888,429,252,428,595,970,208,467,297,422,842,775,553,57,218,#15.67#   64978#48112#48112#48112
Packet Sent:#129#Round Trip Time#563612#Encryption Time Sender#129351#Decryption Time Sender#64411#Message:#346,119,589,283,673,659,441,97,667,859,787,936,75,147,349,583,400,879,955,349,739,714,252,910,538,368,555,987,957,633,450,118,794,722,77,949,552,888,970,783,106,285,346,872,270,632,396,448,1,5,841,294,38,542,970,208,# 8.28#   62787#48112#48112#48112
Packet Sent:#130#Round Trip Time#571324#Encryption Time Sender#125079#Decryption Time Sender#57078#Message:#471,968,538,368,633,687,566,69,263,379,478,446,707,971,537,248,358,963,44,986,801,226,508,767,649,103,33,640,243,969,261,650,501,589,708,611,337,364,67,243,374,240,774,893,75,147,506,973,467,297,927,482,558,334,361,448,# 8.41#   63535#48112#48000#48112
Packet Sent:#131#Round Trip Time#553907#Encryption Time Sender#133268#Decryption Time Sender#63874#Message:#538,368,555,987,747,983,644,79,707,971,579,577,673,659,560,306,236,892,661,351,747,983,345,211,809,531,373,903,633,687,694,756,538,368,555,987,1,5,149,935,620,252,855,243,794,722,680,912,853,921,170,117,142,911,274,54,# 8.28#   61966#48112#48112#48112
Packet Sent:#132#Round Trip Time#574804#Encryption Time Sender#129126#Decryption Time Sender#62024#Message:#747,983,146,746,604,592,522,947,270,632,339,618,105,262,73,399,707,971,537,248,633,687,802,495,358,963,393,426,667,859,183,779,558,334,786,530,667,859,171,691,467,297,861,137,667,859,171,691,374,240,696,818,428,595,180,636,# 8.44#   62648#48112#48000#48112
Packet Sent:#133#Round Trip Time#570080#Encryption Time Sender#116417#Decryption Time Sender#65257#Message:#14,166,211,823,134,877,837,626,747,983,676,310,745,752,553,862,471,968,507,921,649,103,470,135,471,968,538,368,552,888,269,768,809,531,373,903,27,367,959,780,667,859,210,505,707,971,62,875,775,553,210,505,346,119,540,40,# 8.18#   60727s#48112#48112#48112
Packet Sent:#134#Round Trip Time#571948#Encryption Time Sender#129885#Decryption Time Sender#60768#Message:#853,921,182,512,36,913,978,183,745,752,774,98,14,166,294,906,346,119,284,303,337,364,357,330,428,595,55,652,471,968,538,368,75,147,237,214,105,262,443,358,263,379,123,104,374,240,774,893,708,380,442,251,243,969,337,627,# 8.38#   64335s#48112#48000#48112
Packet Sent:#135#Round Trip Time#568151#Encryption Time Sender#122331#Decryption Time Sender#60235#Message:#604,592,310,99,633,687,566,69,667,859,787,936,501,589,515,664,142,911,678,211,27,367,464,747,853,921,182,512,707,971,536,545,649,103,33,640,14,166,290,828,801,226,397,431,853,921,869,663,374,240,867,522,358,963,106,706,# 8.30#   60178#48112#48112#48112
Packet Sent:#136#Round Trip Time#553622#Encryption Time Sender#107432#Decryption Time Sender#66515#Message:#236,892,103,851,501,589,620,252,134,877,40,215,106,285,443,633,418,440,331,933,747,983,345,211,346,119,589,283,36,913,236,892,236,892,103,851,418,440,314,592,75,147,239,957,853,921,130,896,106,285,447,944,337,364,723,271,# 8.31#   59014s#48112#48000#48112
Packet Sent:#137#Round Trip Time#551245#Encryption Time Sender#123367#Decryption Time Sender#62909#Message:#418,440,547,653,38,542,604,592,270,632,339,618,27,367,764,601,263,379,698,120,418,440,119,357,649,103,33,640,143,154,700,196,374,240,622,921,263,379,804,656,467,297,927,482,890,926,966,919,620,252,676,310,890,926,259,984,# 8.11#   63860#48112#48112#48112
Packet Sent:#138#Round Trip Time#577435#Encryption Time Sender#120527#Decryption Time Sender#64815#Message:#75,147,237,214,853,921,754,938,106,285,171,691,775,553,439,505,243,969,264,945,358,963,498,957,467,297,839,733,633,687,694,756,538,368,555,987,538,368,705,544,467,297,320,267,471,968,160,484,739,714,968,545,707,971,537,248,# 8.57#   58234s#48112#48000#48112
Packet Sent:#139#Round Trip Time#553005#Encryption Time Sender#120584#Decryption Time Sender#55749#Message:#794,722,77,949,633,687,566,69,707,971,579,577,1,5,16,625,795,30,836,625,739,714,252,910,620,252,502,449,558,334,786,530,467,297,839,733,337,364,808,811,853,921,869,663,633,687,707,971,501,589,307,174,337,364,982,57,# 8.26#   71593/#48112#48112#48112
Packet Sent:#140#Round Trip Time#573675#Encryption Time Sender#119727#Decryption Time Sender#61625#Message:#667,859,183,779,106,285,353,938,801,226,408,423,501,589,515,664,418,440,931,1,142,911,178,901,1,5,732,764,467,297,839,733,795,30,830,237,501,589,95,490,471,968,520,932,38,542,970,208,106,285,443,633,143,154,45,383,# 8.38#   66732#48112#48112#48112
Packet Sent:#141#Round Trip Time#574072#Encryption Time Sender#115768#Decryption Time Sender#60759#Message:#801,226,100,273,890,926,966,919,558,334,170,117,801,226,502,449,957,633,501,402,957,633,767,895,243,969,261,650,604,592,310,99,143,154,700,196,649,103,86,937,358,963,579,414,38,542,836,366,142,911,942,493,263,379,606,534,# 8.48#   69315#48112#48000#48112
Packet Sent:#142#Round Trip Time#547194#Encryption Time Sender#124113#Decryption Time Sender#60974#Message:#558,334,786,530,358,963,106,706,27,367,175,550,143,154,45,383,747,983,54,813,775,553,875,53,374,240,622,921,558,334,786,530,418,440,547,653,428,595,91,924,809,531,467,694,853,921,754,938,620,252,339,373,263,379,606,534,# 8.21#   55835es#48112#48112#48112
Packet Sent:#143#Round Trip Time#541525#Encryption Time Sender#125901#Decryption Time Sender#61337#Message:#794,722,77,949,428,595,180,636,400,879,853,921,105,262,73,399,27,367,959,780,236,892,256,290,142,911,273,139,142,911,273,139,890,926,254,957,747,983,375,41,501,589,95,490,471,968,507,921,471,968,804,335,27,367,959,780,# 8.46#   66836#48112#48000#48112
Packet Sent:#144#Round Trip Time#585097#Encryption Time Sender#126471#Decryption Time Sender#61974#Message:#809,531,373,903,263,379,900,217,745,752,774,98,957,633,726,751,673,659,789,660,204,787,291,653,801,226,100,273,243,969,261,650,795,30,830,237,673,659,400,112,707,971,867,469,270,632,798,162,36,913,681,830,418,440,582,633,# 8.40   66112#48112#48112#48112
Packet Sent:#145#Round Trip Time#563198#Encryption Time Sender#116778#Decryption Time Sender#66211#Message:#673,659,678,211,745,752,567,463,1,5,67,243,36,913,656,62,775,553,524,6,552,888,168,635,809,531,373,903,134,877,143,837,358,963,393,426,501,589,95,490,14,166,555,987,853,921,103,851,346,119,540,40,775,553,509,933,# 8.34#   64479#48112#48000#48112
Packet Sent:#146#Round Trip Time#561176#Encryption Time Sender#126153#Decryption Time Sender#67199#Message:#346,119,589,283,36,913,978,183,1,5,67,243,270,632,898,262,538,368,808,180,337,364,357,330,552,888,269,768,667,859,183,779,236,892,103,851,236,892,309,961,134,877,837,626,620,252,294,906,143,154,656,62,633,687,772,44,# 8.46#   68799#48112#48112#48112
Packet Sent:#147#Round Trip Time#564976#Encryption Time Sender#135144#Decryption Time Sender#61048#Message:#794,722,77,949,27,367,911,502,143,154,443,358,667,859,622,921,204,787,479,962,374,240,988,902,270,632,649,103,418,440,547,653,106,285,544,300,263,379,804,656,204,787,703,762,374,240,667,132,14,166,38,542,620,252,330,756,# 8.4#   6859s#48112#48112#48112
Packet Sent:#148#Round Trip Time#575161#Encryption Time Sender#115981#Decryption Time Sender#65267#Message:#243,969,261,650,14,166,144,491,673,659,665,538,707,971,342,505,552,888,810,441,795,30,388,792,795,30,830,237,853,921,182,512,467,297,839,733,747,983,375,41,794,722,980,533,604,592,774,98,471,968,149,56,667,859,622,921,# 8.51#   60674s#48112#48000#48112
Packet Sent:#149#Round Trip Time#576008#Encryption Time Sender#121810#Decryption Time Sender#60428#Message:#14,166,211,823,957,633,501,402,673,659,665,538,142,911,167,414,673,659,775,438,75,147,277,16,400,879,107,96,467,297,839,733,558,334,786,530,853,921,170,117,739,714,902,270,204,787,731,827,36,913,681,830,243,969,288,604,# 8.51#   6118s#48112#48112#48112
Packet Sent:#150#Round Trip Time#565273#Encryption Time Sender#128607#Decryption Time Sender#59693#Message:#467,297,839,733,558,334,739,277,667,859,787,936,620,252,463,683,270,632,535,575,143,154,925,133,795,30,830,237,673,659,678,211,143,154,700,196,781,888,515,327,673,659,400,112,801,226,759,145,957,633,83,71,106,285,443,633,# 8.40#   66223#48112#48000#48112
Packet Sent:#151#Round Trip Time#559085#Encryption Time Sender#136752#Decryption Time Sender#63325#Message:#781,888,426,18,374,240,667,132,775,553,919,759,633,687,982,934,36,913,656,62,263,379,164,558,890,926,254,957,142,911,273,139,809,531,373,903,270,632,509,58,236,892,853,70,620,252,330,756,745,752,977,396,739,714,442,740,# 8.63#   63926#48112#48112#48112
Packet Sent:#152#Round Trip Time#575412#Encryption Time Sender#141031#Decryption Time Sender#65263#Message:#243,969,261,650,428,595,180,636,471,968,86,937,667,859,673,659,957,633,631,937,501,589,56,85,775,553,74,420,794,722,77,949,400,879,107,96,346,119,185,341,552,888,950,626,708,380,496,734,358,963,44,986,558,334,739,277,# 8.51#   65818es#48112#48000#48112
Packet Sent:#153#Round Trip Time#610047#Encryption Time Sender#123886#Decryption Time Sender#65409#Message:#801,226,100,273,747,983,644,79,418,440,286,49,853,921,103,851,633,687,701,35,27,367,464,747,801,226,100,273,337,364,701,35,428,595,55,652,105,262,443,358,134,877,580,249,809,531,193,249,649,103,411,829,649,103,809,460,# 8.44#   65045#48112#48112#48112
Packet Sent:#154#Round Trip Time#539204#Encryption Time Sender#118426#Decryption Time Sender#65471#Message:#708,380,980,533,374,240,667,132,236,892,808,180,27,367,27,367,270,632,336,94,243,969,545,650,501,589,708,611,471,968,538,368,775,553,74,420,795,30,836,625,36,913,58,363,106,285,680,79,134,877,580,249,106,285,316,483,# 8.33#   64650#48112#48000#48112
Packet Sent:#155#Round Trip Time#625014#Encryption Time Sender#136542#Decryption Time Sender#59141#Message:#105,262,781,103,428,595,180,636,673,659,665,538,337,364,756,7,471,968,149,56,890,926,570,826,633,687,694,756,263,379,773,162,105,262,781,103,707,971,867,469,1,5,26,82,501,589,962,507,142,911,951,674,142,911,678,211,# 8.17#   61220⸮#48112#48112#48112
Packet Sent:#156#Round Trip Time#491720#Encryption Time Sender#115062#Decryption Time Sender#65921#Message:#538,368,555,987,552,888,742,860,142,911,239,34,134,877,919,759,745,752,553,862,890,926,570,826,36,913,236,892,27,367,782,251,106,285,544,300,38,542,403,136,142,911,836,366,708,380,968,446,143,154,965,401,801,226,651,769,# 8.61#   59618#48112#48112#48112
Packet Sent:#157#Round Trip Time#549930#Encryption Time Sender#115422#Decryption Time Sender#58628#Message:#374,240,622,921,667,859,657,680,346,119,400,112,552,888,193,249,106,285,680,79,781,888,99,629,134,877,143,837,552,888,269,768,775,553,74,420,501,589,95,490,649,103,175,441,781,888,386,613,142,911,400,879,418,440,358,963,# 8.26#   63733#48112#48000#48112
Packet Sent:#158#Round Trip Time#571787#Encryption Time Sender#123940#Decryption Time Sender#70136#Message:#794,722,77,949,14,166,144,491,801,226,408,423,649,103,175,441,236,892,853,70,853,921,838,795,890,926,254,957,27,367,782,251,400,879,107,96,36,913,330,235,739,714,431,793,400,879,302,775,673,659,386,613,794,722,174,745,# 8.33#   64191s#48112#48112#48112
Packet Sent:#159#Round Trip Time#560268#Encryption Time Sender#123586#Decryption Time Sender#57747#Message:#890,926,254,957,467,297,320,267,143,154,443,358,270,632,898,262,708,380,629,603,374,240,988,902,142,911,273,139,243,969,261,650,775,553,74,420,467,297,235,227,204,787,743,815,142,911,836,366,552,888,810,441,558,334,755,830,# 8.40#   5912#48112#48000#48112
Packet Sent:#160#Round Trip Time#569055#Encryption Time Sender#138803#Decryption Time Sender#72608#Message:#775,553,74,420,134,877,837,626,400,879,853,921,374,240,696,818,134,877,979,729,36,913,8,712,36,913,236,892,781,888,426,18,243,969,261,650,794,722,9,790,263,379,698,120,538,368,520,59,747,983,54,178,106,285,443,633,# 8.41#   61953_#48112#48112#48112
Packet Sent:#161#Round Trip Time#559718#Encryption Time Sender#136201#Decryption Time Sender#66140#Message:#745,752,471,968,134,877,837,626,794,722,307,817,552,888,794,269,14,166,45,383,1,5,800,754,853,921,182,512,27,367,782,251,337,364,701,35,853,921,170,117,36,913,681,830,142,911,167,414,747,983,936,982,14,166,144,491,# 8.30#   61548#48112#48000#48112
Packet Sent:#162#Round Trip Time#567152#Encryption Time Sender#132398#Decryption Time Sender#55262#Message:#346,119,589,283,620,252,25,696,106,285,171,691,558,334,755,830,105,262,73,399,775,553,875,53,105,262,781,103,471,968,538,368,667,859,183,779,204,787,656,929,14,166,703,762,501,589,307,174,739,714,431,793,358,963,308,263,# 8.24#   9945#48112#48112#48000
Packet Sent:#163#Round Trip Time#586160#Encryption Time Sender#134181#Decryption Time Sender#67263#Message:#38,542,105,729,1,5,841,294,673,659,665,538,36,913,135,62,809,531,467,694,428,595,267,559,236,892,103,851,14,166,211,823,890,926,254,957,400,879,478,446,558,334,307,817,707,971,203,575,673,659,441,97,538,368,612,489,# 8.25#   66188#48112#48000#48112
Packet Sent:#164#Round Trip Time#563631#Encryption Time Sender#133624#Decryption Time Sender#60806#Message:#620,252,502,449,142,911,451,542,552,888,62,116,667,859,673,659,14,166,860,484,346,119,76,248,471,968,538,368,27,367,782,251,801,226,100,273,809,531,262,682,204,787,121,384,552,888,742,860,745,752,977,396,75,147,239,957,# 8.51#   6829#48112#48112#48112
Packet Sent:#165#Round Trip Time#573947#Encryption Time Sender#116552#Decryption Time Sender#56829#Message:#673,659,678,211,134,877,837,626,38,542,185,341,739,714,968,545,418,440,927,509,747,983,345,211,739,714,411,829,14,166,211,823,957,633,450,118,467,297,358,28,14,166,294,906,795,30,37,901,142,911,167,414,745,752,553,862,# 8.36#   63151#48112#48112#48112
Packet Sent:#166#Round Trip Time#562390#Encryption Time Sender#115638#Decryption Time Sender#67868#Message:#143,154,700,196,781,888,832,281,538,368,520,932,143,154,171,300,604,592,522,947,75,147,277,16,781,888,426,18,471,968,538,368,552,888,269,768,794,722,9,790,501,589,611,488,775,553,294,85,270,632,336,94,853,921,11,918,# 8.38#   61637#48112#48000#48112
Packet Sent:#167#Round Trip Time#580614#Encryption Time Sender#119870#Decryption Time Sender#75402#Message:#27,367,782,251,346,119,284,303,809,531,358,28,400,879,1,986,263,379,123,104,105,262,933,739,400,879,107,96,673,659,678,211,346,119,589,283,552,888,970,783,142,911,307,174,604,592,149,56,36,913,761,890,801,226,953,40,# 8.54#   67907es#48112#48112#48112
Packet Sent:#168#Round Trip Time#554463#Encryption Time Sender#135108#Decryption Time Sender#61311#Message:#204,787,253,416,801,226,651,769,673,659,665,538,538,368,251,78,809,531,337,364,75,147,277,16,428,595,55,652,745,752,471,968,604,592,310,99,38,542,403,136,501,589,927,482,270,632,798,162,633,687,138,737,739,714,902,270,#8.42#   57171es#48112#48000#48112
Packet Sent:#169#Round Trip Time#549442#Encryption Time Sender#134558#Decryption Time Sender#63214#Message:#236,892,103,851,747,983,644,79,374,240,509,58,795,30,146,746,400,879,808,811,890,926,570,826,890,926,254,957,374,240,622,921,775,553,74,420,75,147,506,973,809,531,375,950,781,888,386,613,649,103,86,937,418,440,183,779,# 8.43#   59760#48112#48112#48112
Packet Sent:#170#Round Trip Time#574331#Encryption Time Sender#126828#Decryption Time Sender#61855#Message:#14,166,211,823,358,963,106,706,707,971,579,577,620,252,676,310,471,968,804,335,75,147,277,16,747,983,146,746,27,367,782,251,501,589,708,611,633,687,982,934,604,592,522,947,337,364,808,811,558,334,688,947,649,103,186,171,# 8.63#   68708s#48112#48000#48112
Packet Sent:#171#Round Trip Time#564202#Encryption Time Sender#118625#Decryption Time Sender#63275#Message:#143,154,700,196,558,334,739,277,809,531,358,28,236,892,309,961,38,542,484,254,75,147,277,16,552,888,269,768,667,859,183,779,795,30,830,237,620,252,676,310,781,888,445,99,853,921,170,117,36,913,58,363,890,926,448,411,# 8.61#   61645#48112#48112#48112
Packet Sent:#172#Round Trip Time#585045#Encryption Time Sender#123514#Decryption Time Sender#61105#Message:#243,969,261,650,75,147,747,983,667,859,787,936,809,531,467,694,38,542,484,254,263,379,164,558,467,297,839,733,673,659,678,211,538,368,555,987,775,553,294,85,558,334,40,776,501,589,620,252,957,633,443,633,707,971,342,505,# 8.51#   63895es#48112#48000#48112
Packet Sent:#173#Round Trip Time#574302#Encryption Time Sender#119359#Decryption Time Sender#62996#Message:#745,752,471,968,204,787,539,644,667,859,787,936,105,262,481,472,809,531,375,950,263,379,164,558,739,714,411,829,374,240,622,921,106,285,544,300,418,440,927,509,853,921,919,232,105,262,481,472,346,119,376,765,673,659,386,613,# .59#   63559#48112#48112#48112
Packet Sent:#174#Round Trip Time#559971#Encryption Time Sender#134089#Decryption Time Sender#67764#Message:#14,166,211,823,14,166,144,491,38,542,185,341,75,147,239,34,667,859,673,659,243,969,545,650,204,787,253,416,604,592,310,99,374,240,622,921,795,30,355,744,957,633,442,251,36,913,761,890,794,722,9,790,337,364,629,603,# 8.65#  57062#48112#48112#48112
Packet Sent:#175#Round Trip Time#573814#Encryption Time Sender#130177#Decryption Time Sender#65012#Message:#501,589,708,611,346,119,284,303,270,632,339,618,853,921,170,117,143,154,965,401,400,879,177,384,36,913,236,892,36,913,236,892,538,368,555,987,418,440,927,509,134,877,194,624,957,633,83,71,781,888,515,327,538,368,67,748,# 8.61#   60267#48112#48000#48112
Packet Sent:#176#Round Trip Time#570513#Encryption Time Sender#128552#Decryption Time Sender#63427#Message:#374,240,622,921,418,440,931,1,809,531,358,28,106,285,269,768,106,285,680,79,890,926,570,826,890,926,254,957,75,147,237,214,747,983,146,746,620,252,676,310,263,379,606,534,106,285,316,483,263,379,520,59,745,752,336,897,# 8.46#   65036#48112#48112#48112
Packet Sent:#177#Round Trip Time#579367#Encryption Time Sender#117551#Decryption Time Sender#66714#Message:#142,911,273,139,538,368,612,489,467,297,6,441,38,542,403,136,346,119,284,303,14,166,82,601,105,262,781,103,745,752,471,968,633,687,694,756,400,879,478,446,745,752,704,913,400,879,951,674,801,226,953,40,707,971,62,875,# 8.58#   60077#48112#48000#48112
Packet Sent:#178#Round Trip Time#555445#Encryption Time Sender#129760#Decryption Time Sender#63561#Message:#795,30,830,237,633,687,566,69,794,722,307,817,649,103,86,937,14,166,290,828,204,787,291,653,400,879,107,96,747,983,146,746,739,714,411,829,739,714,442,740,890,926,606,457,471,968,551,199,1,5,14,825,400,879,302,775,# 8.66   62531#48112#48112#48112
Packet Sent:#179#Round Trip Time#584186#Encryption Time Sender#109086#Decryption Time Sender#65322#Message:#142,911,273,139,106,285,353,938,27,367,175,550,14,166,38,542,142,911,167,414,747,983,345,211,501,589,708,611,337,364,701,35,106,285,544,300,374,240,867,522,143,154,45,383,263,379,606,534,801,226,890,65,14,166,13,757,# 8.55#   72512#48112#48000#48112
Packet Sent:#180#Round Trip Time#554004#Encryption Time Sender#120882#Decryption Time Sender#59745#Message:#204,787,253,416,707,971,610,126,14,166,318,785,36,913,733,412,620,252,294,906,105,262,933,739,673,659,678,211,243,969,261,650,552,888,269,768,558,334,307,817,270,632,235,764,263,379,448,580,1,5,841,294,801,226,367,789,#8.57#   62286#48112#48112#48112
Packet Sent:#181#Round Trip Time#557302#Encryption Time Sender#107176#Decryption Time Sender#58739#Message:#75,147,237,214,346,119,284,303,795,30,367,789,501,589,515,664,14,166,290,828,106,285,282,638,27,367,782,251,374,240,622,921,649,103,33,640,134,877,580,249,633,687,772,44,747,983,248,576,890,926,9,201,243,969,762,638,# 8.36#   59230#48112#48112#48112
Packet Sent:#182#Round Trip Time#590489#Encryption Time Sender#129987#Decryption Time Sender#58736#Message:#243,969,261,650,75,147,747,983,620,252,336,897,346,119,185,341,263,379,804,656,346,119,76,248,428,595,55,652,781,888,426,18,633,687,694,756,471,968,149,56,105,262,990,383,649,103,175,441,795,30,679,660,890,926,448,411,# 8.66#   71385es#48112#48000#48112
Packet Sent:#183#Round Trip Time#562445#Encryption Time Sender#135486#Decryption Time Sender#56602#Message:#708,380,980,533,142,911,451,542,346,119,400,112,633,687,707,971,38,542,836,366,358,963,498,957,358,963,393,426,337,364,701,35,633,687,694,756,708,380,641,85,673,659,450,118,75,147,239,34,501,589,307,174,337,364,629,603,# 8.53#   54692#48112#48112#48112
Packet Sent:#184#Round Trip Time#595567#Encryption Time Sender#137599#Decryption Time Sender#67498#Message:#36,913,236,892,471,968,507,921,853,921,290,828,243,969,536,545,105,262,745,752,374,240,988,902,809,531,373,903,270,632,649,103,358,963,393,426,1,5,149,935,708,380,968,446,105,262,286,942,36,913,761,890,358,963,308,263,# 8.48#   66905#48112#48000#48112
Packet Sent:#185#Round Trip Time#578958#Encryption Time Sender#126914#Decryption Time Sender#62057#Message:#673,659,678,211,471,968,507,921,775,553,919,759,708,380,393,426,337,364,982,57,501,589,56,85,794,722,77,949,105,262,781,103,853,921,182,512,467,297,235,227,204,787,539,644,374,240,774,893,809,531,193,249,667,859,355,247,# 8.43#   5302#48112#48112#48112
Packet Sent:#186#Round Trip Time#565605#Encryption Time Sender#130513#Decryption Time Sender#61396#Message:#781,888,426,18,14,166,144,491,558,334,170,117,667,859,171,691,795,30,37,901,358,963,498,957,27,367,782,251,358,963,393,426,809,531,373,903,890,926,263,612,374,240,468,848,38,542,836,366,263,379,867,522,337,364,982,57,# 8.61#   62393#48112#48000#48112
Packet Sent:#187#Round Trip Time#571878#Encryption Time Sender#125337#Decryption Time Sender#63771#Message:#263,379,773,162,667,859,657,680,708,380,895,572,263,379,606,534,346,119,185,341,106,285,282,638,263,379,773,162,204,787,253,416,418,440,547,653,14,166,38,542,781,888,927,482,667,859,673,659,27,367,166,352,781,888,16,625,# 8.56#  59540s#48112#48112#48112
Packet Sent:#188#Round Trip Time#557562#Encryption Time Sender#116600#Decryption Time Sender#63567#Message:#649,103,33,640,957,633,501,402,358,963,804,656,794,722,218,249,337,364,944,881,673,659,954,157,795,30,830,237,633,687,694,756,27,367,782,251,1,5,149,935,38,542,403,136,745,752,977,396,620,252,255,155,27,367,185,650,# 8.50#   65209#48112#48000#48112
Packet Sent:#189#Round Trip Time#555587#Encryption Time Sender#136488#Decryption Time Sender#60397#Message:#134,877,143,837,775,553,57,218,708,380,895,572,236,892,853,70,14,166,294,906,270,632,958,756,739,714,411,829,374,240,622,921,27,367,782,251,337,364,586,465,358,963,579,414,204,787,656,929,236,892,330,756,649,103,186,171,# 8.33#   5978es#48112#48112#48112
Packet Sent:#190#Round Trip Time#563381#Encryption Time Sender#118312#Decryption Time Sender#65402#Message:#105,262,781,103,853,921,754,938,263,379,478,446,604,592,809,531,374,240,774,893,105,262,933,739,38,542,105,729,794,722,77,949,673,659,678,211,667,859,673,659,707,971,342,505,1,5,59,973,143,154,45,383,467,297,468,848,# 8.23#   55420s#48112#48112#48112
Packet Sent:#191#Round Trip Time#570438#Encryption Time Sender#122325#Decryption Time Sender#68258#Message:#400,879,107,96,204,787,539,644,204,787,982,934,620,252,463,683,27,367,911,502,957,633,767,895,794,722,77,949,633,687,694,756,14,166,211,823,428,595,40,215,775,553,290,163,467,297,775,553,374,240,468,848,358,963,579,414,# 48#   63129s#48112#48000#48112
Packet Sent:#192#Round Trip Time#757918#Encryption Time Sender#118011#Decryption Time Sender#65701#Message:#745,752,471,968,105,262,745,752,106,285,171,691,38,542,836,366,739,714,968,545,243,969,545,650,649,103,33,640,801,226,100,273,263,379,773,162,853,921,170,117,204,787,560,685,745,752,332,557,471,968,626,603,106,285,680,79,# 8.33#   6706s#48112#48112#48112
Packet Sent:#193#Round Trip Time#556273#Encryption Time Sender#126941#Decryption Time Sender#64040#Message:#243,969,261,650,673,659,441,97,673,659,665,538,801,226,346,119,263,379,867,522,1,5,800,754,739,714,411,829,775,553,74,420,75,147,237,214,38,542,579,577,673,659,560,306,337,364,67,243,358,963,175,550,400,879,396,448,# 8.59#   62669#48112#48000#48112
Packet Sent:#194#Round Trip Time#614518#Encryption Time Sender#117944#Decryption Time Sender#63627#Message:#346,119,589,283,142,911,451,542,14,166,318,785,501,589,591,707,38,542,836,366,747,983,345,211,143,154,700,196,467,297,839,733,467,297,839,733,707,971,867,469,604,592,62,875,467,297,320,267,400,879,74,420,38,542,836,366,# 8.53#   63843#48112#48112#48112
Packet Sent:#195#Round Trip Time#533407#Encryption Time Sender#130808#Decryption Time Sender#60536#Message:#75,147,237,214,667,859,657,680,620,252,336,897,649,103,86,937,36,913,733,412,106,285,282,638,270,632,649,103,236,892,103,851,739,714,411,829,775,553,294,85,358,963,308,263,374,240,919,232,957,633,501,402,853,921,130,896,# 8.65#   65980#48112#48000#48112
Packet Sent:#196#Round Trip Time#567020#Encryption Time Sender#134714#Decryption Time Sender#65808#Message:#27,367,782,251,337,364,850,236,707,971,579,577,801,226,502,449,747,983,558,657,633,687,802,495,358,963,393,426,673,659,678,211,337,364,701,35,400,879,478,446,263,379,804,656,14,166,118,242,501,589,962,507,809,531,467,694,# 8.43#   66725#48112#48112#48112
Packet Sent:#197#Round Trip Time#558628#Encryption Time Sender#124094#Decryption Time Sender#61977#Message:#263,379,773,162,957,633,501,402,538,368,520,932,428,595,91,924,471,968,551,199,467,297,758,251,633,687,694,756,747,983,146,746,957,633,450,118,781,888,515,327,142,911,287,349,428,595,970,208,471,968,507,921,270,632,798,162,# 8.55#   64981#48112#48000#48112
Packet Sent:#198#Round Trip Time#565473#Encryption Time Sender#129309#Decryption Time Sender#61703#Message:#337,364,701,35,649,103,186,171,75,147,836,625,142,911,167,414,337,364,67,243,957,633,767,895,747,983,146,746,467,297,839,733,142,911,273,139,673,659,400,112,14,166,38,542,134,877,837,626,667,859,743,815,14,166,118,242,# 8.56#   65837s#48112#48112#48112
Packet Sent:#199#Round Trip Time#569638#Encryption Time Sender#130919#Decryption Time Sender#58131#Message:#204,787,253,416,36,913,978,183,667,859,787,936,105,262,443,358,633,687,982,934,649,103,470,135,890,926,254,957,781,888,426,18,707,971,536,545,38,542,579,577,105,262,71,498,620,252,294,906,649,103,175,441,337,364,944,881,#8.66#   62730#48112#48112#48112
Packet Sent:#200#Round Trip Time#569649#Encryption Time Sender#111875#Decryption Time Sender#61735#Message:#795,30,830,237,467,297,320,267,667,859,787,936,358,963,308,263,558,334,473,954,142,911,178,901,775,553,74,420,801,226,100,273,105,262,781,103,374,240,62,116,36,913,656,62,400,879,951,674,649,103,272,437,471,968,520,932,# 8.51#   63076#48112#48000#48112