Packet Sent:#1#Round Trip Time#819148#Encryption Time Sender#108124#Decryption Time Sender#57566#Message:#106,285,736,645,14,166,118,242,775,553,919,759,263,379,900,217,142,911,167,414,236,892,256,290,418,440,314,592,418,440,687,345,558,334,95,501,707,971,203,575,1,5,764,390,14,166,38,542,27,367,166,352,142,911,836,366,14,166,860,484,204,787,560,685,#77.85#549155491#47688#47688#47688
Packet Sent:#2#Round Trip Time#760389#Encryption Time Sender#128554#Decryption Time Sender#57586#Message:#374,240,867,522,558,334,739,277,795,30,367,789,358,963,947,608,673,659,441,97,105,262,933,739,957,633,380,261,204,787,743,815,38,542,882,751,467,297,320,267,633,687,138,737,538,368,705,544,558,334,95,501,1,5,261,650,745,752,567,463,243,969,264,945,#78.08#508759087#47688#47576#47688
Packet Sent:#3#Round Trip Time#711166#Encryption Time Sender#120012#Decryption Time Sender#64546#Message:#134,877,375,950,346,119,547,653,75,147,836,625,801,226,397,431,143,154,946,5,775,553,875,53,781,888,515,327,337,364,67,243,1,5,14,825,143,154,45,383,428,595,91,924,471,968,520,932,853,921,170,117,263,379,520,59,673,659,560,306,36,913,733,412,#74.05#6632566325#47688#47688#47688
Packet Sent:#4#Round Trip Time#767660#Encryption Time Sender#130499#Decryption Time Sender#66593#Message:#400,879,803,283,243,969,264,945,801,226,408,423,781,888,832,281,36,913,676,681,263,379,164,558,204,787,656,929,745,752,332,557,471,968,520,932,14,166,144,491,781,888,515,327,552,888,970,783,143,154,175,441,467,297,358,28,75,147,747,983,418,440,927,509,#77.89#768667686#47688#47576#47688
Packet Sent:#5#Round Trip Time#746924#Encryption Time Sender#133052#Decryption Time Sender#57124#Message:#795,30,722,43,105,262,745,752,337,364,330,235,243,969,762,638,739,714,286,942,558,334,843,372,27,367,959,780,667,859,210,505,467,297,320,267,745,752,332,557,558,334,95,501,673,659,400,112,134,877,194,624,708,380,496,734,467,297,422,842,418,440,515,664,#78.07#6087960879#47688#47184#47184
Packet Sent:#6#Round Trip Time#824237#Encryption Time Sender#117739#Decryption Time Sender#60349#Message:#781,888,386,613,14,166,144,491,667,859,787,936,794,722,762,638,418,440,314,592,739,714,252,910,552,888,970,783,236,892,107,96,620,252,855,243,106,285,9,201,649,103,186,171,1,5,149,935,243,969,762,638,204,787,731,827,809,531,375,950,667,859,657,680,#78.25#601986098#47184#47072#47184
Packet Sent:#7#Round Trip Time#1051223#Encryption Time Sender#113102#Decryption Time Sender#56274#Message:#418,440,95,501,337,364,808,811,707,971,579,577,745,752,67,748,633,687,707,971,418,440,119,357,957,633,380,261,775,553,676,681,1,5,764,390,143,154,839,733,204,787,703,762,142,911,167,414,501,589,927,482,853,921,102,813,538,368,683,382,673,659,69,243,#77.95#575057507#47184#47184#47184
Packet Sent:#8#Round Trip Time#927541#Encryption Time Sender#129320#Decryption Time Sender#63312#Message:#538,368,67,748,673,659,441,97,36,913,262,682,649,103,809,460,853,921,869,663,957,633,767,895,809,531,262,682,1,5,520,59,809,531,337,364,337,364,67,243,263,379,772,44,667,859,171,691,337,364,808,811,775,553,210,505,781,888,515,327,38,542,970,208,#78.51#6726767267#47184#47184#47184
Packet Sent:#9#Round Trip Time#758489#Encryption Time Sender#137727#Decryption Time Sender#58063#Message:#673,659,69,243,501,589,927,482,204,787,982,934,243,969,332,557,794,722,845,723,270,632,958,756,471,968,520,932,747,983,54,813,673,659,441,97,142,911,836,366,14,166,118,242,649,103,86,937,649,103,952,315,346,119,284,303,14,166,703,762,649,103,272,437,#7794#6189761897#47184#47072#47184
Packet Sent:#10#Round Trip Time#782362#Encryption Time Sender#119142#Decryption Time Sender#69121#Message:#75,147,9,201,707,971,610,126,708,380,895,572,809,531,193,249,143,154,839,733,739,714,252,910,809,531,262,682,957,633,442,251,747,983,644,79,38,542,484,254,134,877,194,624,27,367,959,780,106,285,736,645,236,892,661,351,75,147,835,813,809,531,193,249,#78.00#6781067810#47184#47072#47184
Packet Sent:#11#Round Trip Time#753404#Encryption Time Sender#119426#Decryption Time Sender#60750#Message:#236,892,330,756,143,154,175,441,27,367,175,550,143,154,743,176,708,380,968,446,633,687,802,495,346,119,185,341,143,154,805,226,673,659,69,243,134,877,580,249,853,921,754,938,142,911,274,54,428,595,180,636,558,334,274,937,620,252,969,498,27,367,911,502,#77.66#6875868758#47184#47184#47184
Packet Sent:#12#Round Trip Time#747254#Encryption Time Sender#112373#Decryption Time Sender#61637#Message:#795,30,722,43,134,877,837,626,707,971,579,577,418,440,95,501,236,892,309,961,957,633,767,895,620,252,969,498,75,147,239,957,957,633,286,49,38,542,615,171,604,592,149,56,418,440,314,592,558,334,95,501,204,787,656,929,27,367,166,352,795,30,274,937,#78.76#596495949#47184#47072#47184
Packet Sent:#13#Round Trip Time#754949#Encryption Time Sender#121267#Decryption Time Sender#62273#Message:#14,166,118,242,134,877,837,626,667,859,787,936,143,154,805,226,38,542,453,618,27,367,464,747,204,787,560,685,667,859,722,43,667,859,210,505,27,367,100,273,801,226,502,449,890,926,448,411,38,542,175,441,747,983,694,756,134,877,194,624,143,154,881,535,#78.82#900459004#47184#47184#47184
Packet Sent:#14#Round Trip Time#796006#Encryption Time Sender#129760#Decryption Time Sender#72386#Message:#400,879,803,283,418,440,95,501,801,226,408,423,14,166,703,762,243,969,536,545,809,531,371,363,263,379,772,44,346,119,547,653,467,297,235,227,263,379,448,580,143,154,965,401,794,722,239,957,358,963,10,318,27,367,26,909,809,531,337,364,38,542,484,254,#77.94#7452174521#47184#47072#47184
Packet Sent:#15#Round Trip Time#734466#Encryption Time Sender#118500#Decryption Time Sender#67415#Message:#471,968,149,56,667,859,305,698,775,553,919,759,105,262,745,752,667,859,171,691,747,983,345,211,747,983,375,41,106,285,759,846,358,963,947,608,27,367,27,367,358,963,823,539,471,968,520,932,745,752,967,984,471,968,626,603,467,297,927,482,552,888,193,249,#77.86#6503265032#47184#47184#47184
Packet Sent:#16#Round Trip Time#753683#Encryption Time Sender#112313#Decryption Time Sender#64557#Message:#270,632,396,448,236,892,330,756,707,971,579,577,27,367,185,650,75,147,747,983,374,240,988,902,801,226,367,789,853,921,103,851,204,787,743,815,204,787,732,764,552,888,950,626,428,595,40,215,739,714,431,793,794,722,680,912,552,888,429,252,263,379,606,534,#77.98#64564945#47184#47072#47184
Packet Sent:#17#Round Trip Time#763641#Encryption Time Sender#113914#Decryption Time Sender#66224#Message:#236,892,330,756,620,252,294,906,747,983,676,310,795,30,679,660,428,595,307,174,795,30,388,792,337,364,67,243,358,963,106,706,794,722,680,912,106,285,346,872,143,154,743,176,358,963,175,550,374,240,667,132,708,380,736,645,558,334,755,830,270,632,509,58,#77.83#6892668926#47184#47184#47184
Packet Sent:#18#Round Trip Time#754783#Encryption Time Sender#111164#Decryption Time Sender#66461#Message:#501,589,927,482,794,722,239,957,418,440,286,49,75,147,239,957,747,983,375,41,270,632,958,756,552,888,970,783,204,787,560,685,745,752,336,897,890,926,448,411,75,147,506,973,552,888,970,783,538,368,705,544,143,154,743,176,558,334,361,448,36,913,733,412,#77.96#665565655#47184#47072#47184
Packet Sent:#19#Round Trip Time#673084#Encryption Time Sender#104706#Decryption Time Sender#62420#Message:#890,926,9,201,853,921,102,813,1,5,67,243,739,714,601,186,1,5,841,294,105,262,933,739,358,963,175,550,236,892,140,225,134,877,62,875,667,859,355,247,501,589,620,252,747,983,375,41,36,913,135,62,270,632,294,906,374,240,468,848,633,687,566,69,#35.28#6292862928#47184#47184#47184
Packet Sent:#20#Round Trip Time#934542#Encryption Time Sender#125162#Decryption Time Sender#62186#Message:#673,659,400,112,649,103,272,437,795,30,367,789,358,963,823,539,552,888,193,249,14,166,82,601,667,859,171,691,467,297,237,214,794,722,239,957,428,595,180,636,236,892,86,54,358,963,175,550,667,859,622,921,337,364,808,811,243,969,288,604,890,926,540,40,#67.22#6478964789#47184#47072#47184
Packet Sent:#21#Round Trip Time#754516#Encryption Time Sender#117024#Decryption Time Sender#63008#Message:#708,380,271,156,1,5,520,59,794,722,307,817,358,963,579,414,673,659,789,660,270,632,958,756,739,714,442,740,204,787,539,644,143,154,839,733,374,240,774,893,707,971,342,505,14,166,290,828,739,714,910,516,747,983,694,756,890,926,9,201,204,787,560,685,#77.90#60356803#47184#47184#47184
Packet Sent:#22#Round Trip Time#754042#Encryption Time Sender#137752#Decryption Time Sender#62792#Message:#781,888,386,613,14,166,144,491,604,592,794,722,649,103,297,640,853,921,641,906,633,687,802,495,1,5,149,935,134,877,194,624,801,226,867,522,14,166,294,906,620,252,463,683,467,297,358,28,620,252,255,155,809,531,286,942,142,911,400,879,400,879,74,420,#78.02#6033460334#47184#47072#47184
Packet Sent:#23#Round Trip Time#860753#Encryption Time Sender#117084#Decryption Time Sender#56646#Message:#890,926,9,201,14,166,294,906,263,379,478,446,620,252,855,243,604,592,582,633,739,714,252,910,649,103,809,460,552,888,970,783,14,166,290,828,1,5,26,82,501,589,195,365,374,240,596,45,538,368,808,180,745,752,336,897,775,553,724,93,27,367,166,352,#33.10#5661456614#47184#47184#47184
Packet Sent:#24#Round Trip Time#834144#Encryption Time Sender#104810#Decryption Time Sender#67957#Message:#707,971,62,875,775,553,57,218,795,30,367,789,633,687,601,186,38,542,882,751,1,5,800,754,134,877,919,759,552,888,429,252,809,531,262,682,236,892,661,351,552,888,579,414,337,364,67,243,400,879,74,420,38,542,579,577,36,913,978,183,418,440,95,501,#78.00#6468764687#47184#47184#47184
Packet Sent:#25#Round Trip Time#947321#Encryption Time Sender#116781#Decryption Time Sender#61184#Message:#739,714,286,942,471,968,507,921,708,380,895,572,739,714,902,270,337,364,336,94,142,911,178,901,745,752,336,897,781,888,95,501,673,659,400,112,418,440,331,933,890,926,606,457,27,367,959,780,552,888,794,269,801,226,367,789,739,714,902,270,204,787,121,384,#78.19#636126361#47184#47072#47184
Packet Sent:#26#Round Trip Time#734007#Encryption Time Sender#126578#Decryption Time Sender#60088#Message:#38,542,403,136,106,285,680,79,134,877,40,215,673,659,386,613,236,892,661,351,673,659,954,157,471,968,520,932,467,297,775,553,633,687,67,748,649,103,186,171,552,888,40,776,106,285,680,79,142,911,942,493,633,687,67,748,538,368,612,489,358,963,579,414,#56.98#6138961389#47184#47184#47184
Packet Sent:#27#Round Trip Time#738978#Encryption Time Sender#123164#Decryption Time Sender#62389#Message:#270,632,396,448,418,440,95,501,400,879,853,921,633,687,566,69,957,633,380,261,890,926,570,826,957,633,286,49,957,633,504,323,36,913,656,62,263,379,900,217,558,334,95,501,337,364,67,243,708,380,629,603,263,379,520,59,374,240,667,132,374,240,919,232,#77.85#6038960389#47184#47072#47184
Packet Sent:#28#Round Trip Time#752278#Encryption Time Sender#121099#Decryption Time Sender#67326#Message:#243,969,264,945,795,30,722,43,204,787,982,934,538,368,612,489,27,367,185,650,501,589,56,85,707,971,867,469,263,379,448,580,708,380,393,426,374,240,878,961,747,983,558,657,14,166,290,828,27,367,297,640,270,632,898,262,853,921,869,663,27,367,27,367,#7789#6241362413#47184#47184#47184
Packet Sent:#29#Round Trip Time#762648#Encryption Time Sender#119893#Decryption Time Sender#67166#Message:#263,379,772,44,809,531,727,388,673,659,665,538,428,595,113,549,794,722,845,723,745,752,476,374,795,30,836,625,552,888,950,626,418,440,931,1,794,722,239,957,263,379,772,44,204,787,656,929,400,879,1,986,374,240,667,132,236,892,330,756,106,285,736,645,#78.14#658775877#47184#47072#47184
Packet Sent:#30#Round Trip Time#759629#Encryption Time Sender#119454#Decryption Time Sender#65472#Message:#143,154,175,441,243,969,264,945,374,240,509,58,795,30,679,660,418,440,358,963,538,368,487,108,346,119,185,341,673,659,121,607,745,752,567,463,346,119,376,765,142,911,836,366,106,285,680,79,143,154,946,5,633,687,566,69,134,877,580,249,552,888,40,776,#77.83#6585965859#47184#47184#47184
Packet Sent:#31#Round Trip Time#747857#Encryption Time Sender#132205#Decryption Time Sender#60438#Message:#501,589,927,482,105,262,959,211,27,367,175,550,204,787,743,815,501,589,927,482,263,379,164,558,358,963,175,550,853,921,102,813,204,787,330,756,400,879,955,349,36,913,656,62,708,380,968,446,795,30,355,744,957,633,262,309,142,911,451,542,471,968,804,335,#77.7#658365383#47184#47072#47184
Packet Sent:#32#Round Trip Time#746669#Encryption Time Sender#115606#Decryption Time Sender#60521#Message:#270,632,396,448,374,240,468,848,957,633,656,929,552,888,40,776,747,983,644,79,337,364,357,330,105,262,443,358,707,971,163,425,14,166,555,987,794,722,174,745,853,921,442,251,558,334,307,817,775,553,814,527,633,687,701,35,795,30,37,901,75,147,239,957,#72.98#6041960419#47184#47184#47184
Packet Sent:#33#Round Trip Time#912485#Encryption Time Sender#111889#Decryption Time Sender#67794#Message:#38,542,403,136,649,103,36,913,739,714,95,490,236,892,140,225,105,262,983,102,270,632,958,756,471,968,520,932,236,892,330,756,358,963,86,54,38,542,579,577,236,892,810,550,552,888,970,783,428,595,153,653,346,119,239,957,36,913,330,235,270,632,861,854,#52.20#6736567365#47184#47072#47184
Packet Sent:#34#Round Trip Time#769617#Encryption Time Sender#118419#Decryption Time Sender#67197#Message:#538,368,67,748,471,968,149,56,620,252,336,897,36,913,309,30,552,888,193,249,538,368,487,108,38,542,579,577,142,911,287,349,134,877,837,626,501,589,195,365,263,379,804,656,745,752,336,897,134,877,692,599,471,968,507,921,552,888,429,252,1,5,149,935,#77.72#6484664846#47184#47184#47184
Packet Sent:#35#Round Trip Time#742877#Encryption Time Sender#128404#Decryption Time Sender#63621#Message:#809,531,521,719,649,103,186,171,36,913,262,682,263,379,546,161,558,334,274,937,36,913,8,712,649,103,272,437,673,659,775,438,75,147,239,957,270,632,336,94,374,240,596,45,673,659,69,243,27,367,764,601,134,877,62,875,270,632,336,94,236,892,810,550,#78.07#7193571935#47184#47072#47184
Packet Sent:#36#Round Trip Time#752380#Encryption Time Sender#121891#Decryption Time Sender#63436#Message:#471,968,149,56,263,379,772,44,795,30,367,789,471,968,808,811,707,971,610,126,745,752,476,374,400,879,478,446,795,30,836,625,134,877,375,950,707,971,367,202,633,687,376,226,673,659,400,112,106,285,680,79,27,367,443,633,957,633,262,309,36,913,135,62,#77.98#6673266732#47184#47184#47184
Packet Sent:#37#Round Trip Time#764374#Encryption Time Sender#127174#Decryption Time Sender#63123#Message:#649,103,272,437,75,147,9,201,794,722,307,817,604,592,149,56,649,103,175,441,501,589,56,85,745,752,336,897,418,440,931,1,957,633,501,402,538,368,478,545,75,147,349,583,263,379,804,656,358,963,106,706,649,103,186,171,707,971,367,202,418,440,582,633,#77.93#6883268832#47184#47072#47184
Packet Sent:#38#Round Trip Time#754193#Encryption Time Sender#123812#Decryption Time Sender#62022#Message:#708,380,271,156,270,632,396,448,75,147,836,625,143,154,805,226,781,888,782,251,633,687,802,495,708,380,968,446,142,911,951,674,501,589,591,707,957,633,286,49,471,968,306,184,794,722,9,790,775,553,210,505,890,926,448,411,358,963,175,550,794,722,174,745,#77.84#6256162561#47184#47184#47184
Packet Sent:#39#Round Trip Time#734041#Encryption Time Sender#123335#Decryption Time Sender#62988#Message:#957,633,286,49,552,888,193,249,243,969,558,334,747,983,558,657,604,592,774,98,467,297,758,251,781,888,515,327,707,971,537,248,134,877,837,626,501,589,95,490,428,595,307,174,270,632,509,58,346,119,547,653,14,166,144,491,358,963,175,550,14,166,294,906,#62.36#6486364863#47184#47072#47184
Packet Sent:#40#Round Trip Time#751020#Encryption Time Sender#128906#Decryption Time Sender#68842#Message:#853,921,11,918,552,888,742,860,604,592,794,722,106,285,447,944,106,285,346,872,781,888,99,629,620,252,676,310,708,380,968,446,649,103,411,829,781,888,95,501,1,5,26,82,105,262,443,358,337,364,67,243,604,592,700,196,36,913,656,62,346,119,654,142,#78.12#6643166431#47184#47184#47184
Packet Sent:#41#Round Trip Time#1026227#Encryption Time Sender#136176#Decryption Time Sender#61626#Message:#673,659,69,243,471,968,149,56,620,252,336,897,467,297,422,842,243,969,332,557,337,364,357,330,649,103,86,937,105,262,71,498,263,379,546,161,795,30,494,370,243,969,536,545,374,240,62,116,708,380,102,178,337,364,944,881,105,262,983,102,270,632,898,262,#77.79#6200462004#47184#47072#47184
Packet Sent:#42#Round Trip Time#754845#Encryption Time Sender#138472#Decryption Time Sender#59976#Message:#667,859,305,698,428,595,153,653,794,722,307,817,467,297,422,842,346,119,654,142,501,589,56,85,358,963,175,550,633,687,376,226,795,30,274,937,890,926,540,40,853,921,754,938,667,859,171,691,781,888,38,449,428,595,970,208,346,119,959,211,236,892,661,351,#77.71#6299862998#47184#47184#47184
Packet Sent:#43#Round Trip Time#831791#Encryption Time Sender#119461#Decryption Time Sender#67064#Message:#552,888,579,414,745,752,332,557,809,531,358,28,667,859,722,43,633,687,701,35,270,632,958,756,809,531,262,682,809,531,521,719,558,334,755,830,620,252,259,984,809,531,727,388,794,722,9,790,747,983,919,232,747,983,248,576,649,103,36,913,106,285,353,938,#77.94#6722867228#47184#47072#47184
Packet Sent:#44#Round Trip Time#949095#Encryption Time Sender#129154#Decryption Time Sender#59895#Message:#346,119,540,40,36,913,978,183,604,592,794,722,739,714,902,270,747,983,919,232,667,859,35,487,673,659,400,112,558,334,260,521,75,147,747,983,957,633,83,71,649,103,175,441,890,926,263,612,106,285,269,768,801,226,651,769,400,879,91,67,633,687,67,748,#78.17#6482364823#47184#47184#47184
Packet Sent:#45#Round Trip Time#760681#Encryption Time Sender#125060#Decryption Time Sender#61837#Message:#747,983,919,232,346,119,540,40,236,892,808,180,604,592,522,947,667,859,171,691,558,334,843,372,243,969,339,618,801,226,397,431,558,334,361,448,633,687,772,44,143,154,881,535,673,659,400,112,745,752,704,913,36,913,733,412,106,285,9,201,270,632,898,262,#77.86#6059460594#47184#47072#47184
Packet Sent:#46#Round Trip Time#765677#Encryption Time Sender#121315#Decryption Time Sender#70435#Message:#747,983,919,232,801,226,953,40,204,787,982,934,739,714,286,942,418,440,358,963,471,968,60,189,75,147,239,34,36,913,978,183,708,380,496,734,890,926,9,201,358,963,44,986,142,911,274,54,471,968,507,921,667,859,657,680,795,30,579,414,781,888,445,99,#7773#6883168831#47184#47184#47184
Packet Sent:#47#Round Trip Time#751379#Encryption Time Sender#121269#Decryption Time Sender#66862#Message:#374,240,867,522,428,595,153,653,667,859,787,936,552,888,579,414,14,166,294,906,36,913,8,712,27,367,443,633,558,334,688,947,739,714,442,740,38,542,970,208,263,379,520,59,795,30,722,43,794,722,980,533,604,592,774,98,418,440,95,501,38,542,836,366,#77.73#7067370673#47184#47072#47184
Packet Sent:#48#Round Trip Time#759864#Encryption Time Sender#121152#Decryption Time Sender#65776#Message:#957,633,442,251,346,119,540,40,673,659,665,538,747,983,644,79,142,911,307,174,558,334,843,372,781,888,515,327,346,119,239,957,75,147,747,983,418,440,314,592,538,368,67,748,204,787,656,929,75,147,185,650,263,379,900,217,775,553,439,505,36,913,309,30,#77.87#638573857#47184#47184#47184
Packet Sent:#49#Round Trip Time#757773#Encryption Time Sender#119137#Decryption Time Sender#65834#Message:#501,589,927,482,538,368,67,748,801,226,408,423,337,364,336,94,471,968,520,932,14,166,82,601,36,913,330,235,38,542,175,441,794,722,263,379,707,971,367,202,957,633,631,937,707,971,867,469,105,262,286,942,707,971,367,202,374,240,774,893,38,542,484,254,#77.96#6933169331#47184#47072#47184
Packet Sent:#50#Round Trip Time#859618#Encryption Time Sender#123907#Decryption Time Sender#64260#Message:#604,592,562,363,134,877,375,950,143,154,443,358,236,892,661,351,105,262,680,912,667,859,35,487,105,262,443,358,428,595,153,653,106,285,346,872,673,659,450,118,781,888,445,99,270,632,509,58,707,971,62,875,739,714,601,186,337,364,723,271,809,531,112,445,#77.83#6724167241#47184#47184#47184
Packet Sent:#51#Round Trip Time#936253#Encryption Time Sender#114568#Decryption Time Sender#69129#Message:#358,963,743,815,337,364,850,236,747,983,676,310,558,334,688,947,809,531,273,139,400,879,177,384,467,297,422,842,27,367,27,367,27,367,100,273,263,379,448,580,957,633,504,323,263,379,772,44,236,892,853,70,707,971,163,425,75,147,349,583,667,859,210,505,#78.04#7302073020#47184#47072#47184
Packet Sent:#52#Round Trip Time#767843#Encryption Time Sender#114561#Decryption Time Sender#71494#Message:#400,879,803,283,243,969,264,945,134,877,40,215,538,368,520,59,358,963,10,318,142,911,178,901,747,983,375,41,374,240,667,132,134,877,837,626,106,285,759,846,374,240,867,522,794,722,9,790,142,911,451,542,801,226,651,769,418,440,314,592,337,364,808,811,#77.94#6885768857#47184#47184#47184
Packet Sent:#53#Round Trip Time#753389#Encryption Time Sender#123911#Decryption Time Sender#64449#Message:#243,969,264,945,467,297,320,267,667,859,787,936,795,30,494,370,418,440,927,509,467,297,758,251,38,542,970,208,467,297,861,137,747,983,558,657,538,368,808,180,604,592,582,633,538,368,67,748,236,892,140,225,38,542,836,366,14,166,290,828,707,971,163,425,#78.06#7236072360#47184#47072#47184
Packet Sent:#54#Round Trip Time#757118#Encryption Time Sender#113032#Decryption Time Sender#59779#Message:#739,714,286,942,673,659,69,243,558,334,170,117,471,968,149,56,236,892,950,365,106,285,282,638,552,888,950,626,890,926,540,40,604,592,36,78,620,252,25,696,143,154,175,441,236,892,810,550,673,659,386,613,374,240,596,45,105,262,745,752,106,285,736,645,#77.71#5958759587#47184#47184#47184
Packet Sent:#55#Round Trip Time#758823#Encryption Time Sender#140214#Decryption Time Sender#63105#Message:#270,632,396,448,204,787,703,762,667,859,787,936,667,859,305,698,358,963,175,550,467,297,758,251,558,334,307,817,471,968,520,932,263,379,546,161,270,632,509,58,428,595,970,208,106,285,680,79,134,877,919,759,890,926,259,984,649,103,86,937,418,440,515,664,#7.76#6606966069#47184#47072#47184
Packet Sent:#56#Round Trip Time#759057#Encryption Time Sender#124548#Decryption Time Sender#65035#Message:#337,364,808,811,633,687,138,737,400,879,853,921,558,334,95,501,243,969,339,618,374,240,988,902,890,926,263,612,337,364,982,57,358,963,308,263,358,963,743,815,400,879,955,349,890,926,263,612,890,926,9,201,428,595,91,924,105,262,959,211,794,722,828,778,#77.96#6357863578#47184#47184#47184
Packet Sent:#57#Round Trip Time#761399#Encryption Time Sender#134576#Decryption Time Sender#70705#Message:#36,913,309,30,801,226,953,40,134,877,40,215,673,659,69,243,106,285,447,944,957,633,767,895,673,659,400,112,243,969,536,545,649,103,86,937,538,368,789,660,667,859,210,505,400,879,478,446,745,752,96,371,358,963,175,550,795,30,673,332,620,252,255,155,#77.71#6462064620#47184#47072#47184
Packet Sent:#58#Round Trip Time#740050#Encryption Time Sender#116416#Decryption Time Sender#60216#Message:#143,154,175,441,36,913,309,30,346,119,400,112,538,368,612,489,501,589,591,707,418,440,119,357,747,983,375,41,243,969,762,638,890,926,9,201,801,226,953,40,739,714,170,874,27,367,959,780,38,542,882,751,745,752,509,933,204,787,703,762,204,787,743,815,#77.85#60379603#47184#47184#47184
Packet Sent:#59#Round Trip Time#745093#Encryption Time Sender#125586#Decryption Time Sender#61978#Message:#957,633,442,251,142,911,451,542,75,147,836,625,708,380,134,114,1,5,26,82,14,166,82,601,374,240,62,116,649,103,411,829,38,542,970,208,853,921,130,896,236,892,853,70,781,888,515,327,853,921,103,851,775,553,676,681,890,926,259,984,1,5,14,825,#78.11#6470364703#47184#47072#47184
Packet Sent:#60#Round Trip Time#761876#Encryption Time Sender#125209#Decryption Time Sender#64959#Message:#604,592,562,363,890,926,362,945,707,971,579,577,781,888,832,281,38,542,484,254,142,911,178,901,374,240,62,116,14,166,294,906,270,632,509,58,134,877,692,599,809,531,375,950,263,379,804,656,620,252,339,373,501,589,95,490,358,963,10,318,794,722,680,912,#77.81#6364963649#47184#47184#47184
Packet Sent:#61#Round Trip Time#761227#Encryption Time Sender#108840#Decryption Time Sender#70969#Message:#346,119,540,40,27,367,443,633,633,687,14,166,890,926,966,919,552,888,950,626,400,879,177,384,538,368,67,748,270,632,861,854,142,911,836,366,27,367,959,780,358,963,308,263,38,542,970,208,36,913,733,412,1,5,774,893,471,968,520,932,620,252,969,498,#77.85#7596575965#47184#47072#47184
Packet Sent:#62#Round Trip Time#764389#Encryption Time Sender#107645#Decryption Time Sender#66547#Message:#809,531,521,719,467,297,422,842,134,877,40,215,374,240,867,522,467,297,468,848,143,154,925,133,747,983,375,41,38,542,970,208,142,911,307,174,747,983,644,79,236,892,140,225,27,367,959,780,739,714,286,942,418,440,95,501,809,531,727,388,794,722,762,638,#77.70#6778267782#47184#47184#47184
Packet Sent:#63#Round Trip Time#750938#Encryption Time Sender#117701#Decryption Time Sender#66605#Message:#747,983,919,232,795,30,722,43,781,888,968,446,809,531,521,719,143,154,946,5,633,687,802,495,75,147,9,201,707,971,163,425,428,595,180,636,1,5,26,82,890,926,966,919,673,659,69,243,36,913,761,890,400,879,955,349,957,633,631,937,204,787,539,644,#77.75#708187081#47184#47072#47184
Packet Sent:#64#Round Trip Time#753409#Encryption Time Sender#114657#Decryption Time Sender#62431#Message:#471,968,149,56,620,252,294,906,106,285,171,691,552,888,742,860,801,226,867,522,27,367,464,747,75,147,239,34,633,687,701,35,105,262,443,358,747,983,262,309,1,5,149,935,38,542,579,577,270,632,898,262,243,969,339,618,75,147,239,957,633,687,982,934,#77.83#6469664696#47184#47184#47184
Packet Sent:#65#Round Trip Time#754931#Encryption Time Sender#118223#Decryption Time Sender#62295#Message:#358,963,743,815,236,892,330,756,243,969,558,334,795,30,722,43,36,913,978,183,739,714,252,910,633,687,982,934,105,262,71,498,633,687,982,934,707,971,397,431,775,553,676,681,801,226,367,789,374,240,468,848,36,913,330,235,134,877,577,595,781,888,386,613,#77.78#6262762627#47184#47072#47184
Packet Sent:#66#Round Trip Time#753414#Encryption Time Sender#135256#Decryption Time Sender#62681#Message:#418,440,95,501,263,379,772,44,38,542,185,341,794,722,828,778,374,240,62,116,374,240,988,902,633,687,982,934,745,752,509,933,853,921,869,663,134,877,577,595,781,888,515,327,428,595,40,215,358,963,86,54,633,687,258,518,890,926,606,457,890,926,263,612,#77.86#6312663126#47184#47184#47184
Packet Sent:#67#Round Trip Time#792307#Encryption Time Sender#110084#Decryption Time Sender#77595#Message:#794,722,239,957,747,983,644,79,75,147,836,625,538,368,176,22,75,147,185,650,707,971,52,792,27,367,443,633,204,787,703,762,604,592,582,633,270,632,294,906,747,983,54,813,358,963,743,815,620,252,294,906,27,367,100,273,143,154,656,62,27,367,764,601,#78.13#709177091#47184#47072#47184
Packet Sent:#68#Round Trip Time#744566#Encryption Time Sender#121327#Decryption Time Sender#65345#Message:#747,983,919,232,552,888,579,414,707,971,579,577,604,592,149,56,558,334,739,277,853,921,838,795,552,888,970,783,781,888,13,234,428,595,180,636,346,119,284,303,374,240,468,848,667,859,171,691,620,252,969,498,745,752,567,463,471,968,507,921,781,888,38,449,#77.98#6588265882#47184#47184#47184
Packet Sent:#69#Round Trip Time#729010#Encryption Time Sender#104148#Decryption Time Sender#62624#Message:#263,379,772,44,236,892,330,756,739,714,95,490,1,5,841,294,75,147,239,957,667,859,35,487,747,983,375,41,673,659,400,112,1,5,774,893,957,633,262,309,337,364,723,271,106,285,680,79,707,971,867,469,204,787,743,815,75,147,185,650,620,252,463,683,#77.89#669346634#47184#47072#47184
Packet Sent:#70#Round Trip Time#775054#Encryption Time Sender#133590#Decryption Time Sender#71205#Message:#263,379,772,44,400,879,803,283,36,913,262,682,358,963,579,414,14,166,144,491,673,659,954,157,794,722,9,790,75,147,9,201,708,380,736,645,374,240,867,522,708,380,496,734,809,531,262,682,673,659,69,243,1,5,774,893,558,334,274,937,14,166,144,491,#77.98#6797867978#47184#47184#47184
Packet Sent:#71#Round Trip Time#745285#Encryption Time Sender#125569#Decryption Time Sender#58944#Message:#795,30,722,43,270,632,396,448,673,659,665,538,708,380,736,645,346,119,547,653,538,368,487,108,673,659,121,607,236,892,86,54,739,714,902,270,667,859,355,247,745,752,967,984,236,892,810,550,501,589,307,174,337,364,756,7,243,969,467,297,358,963,308,263,#77.94#5912559125#47184#47072#47184
Packet Sent:#72#Round Trip Time#729818#Encryption Time Sender#133289#Decryption Time Sender#64857#Message:#428,595,40,215,38,542,453,618,428,595,263,612,358,963,106,706,1,5,14,825,243,969,545,650,745,752,336,897,853,921,103,851,428,595,248,576,358,963,579,414,36,913,681,830,673,659,400,112,957,633,726,751,649,103,297,640,263,379,867,522,36,913,681,830,#62.83#6409164091#47184#47184#47184
Packet Sent:#73#Round Trip Time#743799#Encryption Time Sender#122562#Decryption Time Sender#59617#Message:#467,297,422,842,501,589,927,482,604,592,794,722,552,888,40,776,204,787,656,929,1,5,800,754,795,30,355,744,38,542,175,441,604,592,809,531,558,334,260,521,143,154,839,733,243,969,337,627,633,687,772,44,775,553,210,505,673,659,450,118,552,888,211,823,#77.9#5924059240#47184#47072#47184
Packet Sent:#74#Round Trip Time#779950#Encryption Time Sender#125112#Decryption Time Sender#67543#Message:#781,888,386,613,358,963,743,815,673,659,665,538,358,963,106,706,374,240,774,893,428,595,267,559,620,252,294,906,673,659,560,306,142,911,951,674,358,963,10,318,620,252,463,683,707,971,62,875,243,969,467,297,75,147,349,583,781,888,782,251,346,119,547,653,#77.83#7224472244#47184#47184#47184
Packet Sent:#75#Round Trip Time#735937#Encryption Time Sender#133012#Decryption Time Sender#61065#Message:#346,119,540,40,745,752,567,463,204,787,982,934,853,921,641,906,263,379,520,59,38,542,693,384,633,687,982,934,775,553,814,527,106,285,353,938,649,103,272,437,649,103,309,30,957,633,286,49,36,913,761,890,418,440,931,1,374,240,867,522,270,632,294,906,#7823#6087960879#47184#47072#47184
Packet Sent:#76#Round Trip Time#763744#Encryption Time Sender#120035#Decryption Time Sender#67324#Message:#552,888,579,414,853,921,11,918,346,119,400,112,809,531,375,950,142,911,451,542,801,226,508,767,337,364,67,243,633,687,67,748,739,714,968,545,775,553,290,163,467,297,235,227,38,542,579,577,794,722,263,379,142,911,400,879,358,963,86,54,270,632,861,854,#77.98#6333563335#47184#47184#47184
Packet Sent:#77#Round Trip Time#792820#Encryption Time Sender#142790#Decryption Time Sender#68147#Message:#604,592,562,363,801,226,651,769,708,380,895,572,400,879,951,674,428,595,40,215,204,787,291,653,270,632,509,58,781,888,515,327,75,147,9,201,143,154,175,441,346,119,140,225,346,119,185,341,558,334,307,817,667,859,305,698,809,531,521,719,471,968,626,603,#78.066677066770#47184#47072#47184
Packet Sent:#78#Round Trip Time#727951#Encryption Time Sender#140727#Decryption Time Sender#59875#Message:#27,367,443,633,853,921,11,918,374,240,509,58,143,154,805,226,143,154,743,176,853,921,838,795,890,926,263,612,14,166,13,757,263,379,520,59,243,969,264,945,633,687,258,518,853,921,170,117,467,297,861,137,745,752,509,933,604,592,562,363,633,687,258,518,#77.86#6237162371#47184#47184#47184
Packet Sent:#79#Round Trip Time#752153#Encryption Time Sender#131812#Decryption Time Sender#59007#Message:#853,921,11,918,633,687,138,737,673,659,665,538,745,752,332,557,142,911,678,211,400,879,177,384,501,589,591,707,143,154,743,176,633,687,772,44,243,969,762,638,358,963,308,263,467,297,235,227,142,911,274,54,558,334,95,501,143,154,839,733,957,633,380,261,#77.70#5690556905#47184#47072#47184
Packet Sent:#80#Round Trip Time#750310#Encryption Time Sender#124407#Decryption Time Sender#59962#Message:#418,440,95,501,142,911,307,174,809,531,358,28,106,285,680,79,957,633,631,937,809,531,371,363,795,30,836,625,418,440,358,963,775,553,509,933,270,632,509,58,38,542,970,208,781,888,515,327,270,632,336,94,620,252,330,756,649,103,86,937,27,367,443,633,#77.61#6396763967#47184#47184#47184
Packet Sent:#81#Round Trip Time#742879#Encryption Time Sender#90780#Decryption Time Sender#59711#Message:#236,892,330,756,14,166,144,491,142,911,239,34,620,252,855,243,1,5,14,825,1,5,800,754,374,240,62,116,418,440,927,509,142,911,678,211,236,892,309,961,204,787,479,962,337,364,67,243,337,364,67,243,428,595,248,576,781,888,515,327,633,687,601,186,#78.13#660666060#47184#47072#47184
Packet Sent:#82#Round Trip Time#767461#Encryption Time Sender#121859#Decryption Time Sender#63323#Message:#270,632,396,448,143,154,805,226,75,147,836,625,243,969,762,638,471,968,306,184,471,968,60,189,747,983,375,41,501,589,962,507,558,334,688,947,558,334,307,817,538,368,478,545,467,297,358,28,747,983,248,576,801,226,397,431,649,103,86,937,143,154,171,300,#78.01#6206362063#47184#47184#47184
Packet Sent:#83#Round Trip Time#765390#Encryption Time Sender#114143#Decryption Time Sender#73785#Message:#1,5,520,59,604,592,522,947,707,971,579,577,14,166,45,383,337,364,756,7,794,722,870,464,794,722,239,957,27,367,443,633,243,969,676,681,358,963,823,539,243,969,467,297,105,262,959,211,801,226,953,40,36,913,656,62,400,879,91,67,374,240,468,848,#78.01#7732277322#47184#47072#47184
Packet Sent:#84#Round Trip Time#733817#Encryption Time Sender#98411#Decryption Time Sender#64531#Message:#143,154,175,441,853,921,754,938,467,297,6,441,1,5,261,650,143,154,175,441,707,971,52,792,1,5,149,935,143,154,175,441,673,659,775,438,1,5,261,650,707,971,397,431,707,971,867,469,633,687,138,737,236,892,950,365,633,687,601,186,374,240,468,848,#78.07#6710267102#47184#47184#47184
Packet Sent:#85#Round Trip Time#768920#Encryption Time Sender#120979#Decryption Time Sender#70848#Message:#75,147,9,201,538,368,612,489,707,971,579,577,853,921,130,896,27,367,959,780,801,226,508,767,801,226,367,789,1,5,774,893,809,531,273,139,707,971,610,126,400,879,396,448,801,226,367,789,538,368,520,59,558,334,260,521,745,752,567,463,36,913,676,681,#78.06#6948969489#47184#47072#47184
Packet Sent:#86#Round Trip Time#778592#Encryption Time Sender#141502#Decryption Time Sender#62087#Message:#745,752,332,557,428,595,153,653,538,368,520,932,853,921,754,938,105,262,745,752,105,262,933,739,558,334,307,817,673,659,274,937,374,240,696,818,667,859,355,247,105,262,745,752,801,226,367,789,337,364,982,57,853,921,103,851,781,888,38,449,552,888,742,860,#77.88#6342863428#47184#47184#47184
Packet Sent:#87#Round Trip Time#744432#Encryption Time Sender#125839#Decryption Time Sender#66471#Message:#270,632,396,448,358,963,743,815,236,892,808,180,204,787,743,815,38,542,615,171,471,968,60,189,374,240,62,116,36,913,330,235,809,531,521,719,428,595,77,949,673,659,560,306,14,166,290,828,552,888,970,783,801,226,953,40,467,297,237,214,890,926,606,457,#77.4#6674266742#47184#47072#47184
Packet Sent:#88#Round Trip Time#746869#Encryption Time Sender#126025#Decryption Time Sender#63764#Message:#36,913,309,30,75,147,9,201,801,226,408,423,143,154,175,441,418,440,331,933,795,30,388,792,707,971,867,469,673,659,69,243,14,166,290,828,739,714,170,874,795,30,579,414,795,30,836,625,708,380,271,156,36,913,330,235,243,969,332,557,142,911,400,879,#77.71#6769367693#47184#47184#47184
Packet Sent:#89#Round Trip Time#752068#Encryption Time Sender#106923#Decryption Time Sender#64431#Message:#270,632,396,448,142,911,307,174,75,147,836,625,890,926,540,40,707,971,610,126,633,687,802,495,552,888,970,783,775,553,294,85,1,5,26,82,673,659,560,306,27,367,764,601,36,913,330,235,890,926,263,612,38,542,484,254,374,240,468,848,801,226,890,65,#77.98#6612166121#47184#47072#47184
Packet Sent:#90#Round Trip Time#766420#Encryption Time Sender#121640#Decryption Time Sender#66095#Message:#707,971,62,875,358,963,743,815,418,440,286,49,106,285,353,938,781,888,386,613,337,364,357,330,243,969,339,618,794,722,762,638,620,252,259,984,747,983,262,309,204,787,479,962,14,166,290,828,105,262,71,498,501,589,962,507,781,888,927,482,747,983,694,756,#77.87#622962290#47184#47184#47184
Packet Sent:#91#Round Trip Time#753830#Encryption Time Sender#133441#Decryption Time Sender#64085#Message:#142,911,307,174,795,30,722,43,105,262,515,327,106,285,736,645,707,971,610,126,358,963,498,957,781,888,515,327,708,380,736,645,708,380,496,734,105,262,73,399,243,969,264,945,673,659,400,112,604,592,149,56,428,595,180,636,400,879,74,420,775,553,676,681,#77.78#6984769847#47184#47072#47184
Packet Sent:#92#Round Trip Time#746464#Encryption Time Sender#123995#Decryption Time Sender#63190#Message:#558,334,274,937,142,911,451,542,673,659,665,538,270,632,535,575,747,983,644,79,604,592,266,463,14,166,290,828,745,752,509,933,270,632,383,74,708,380,102,178,14,166,118,242,204,787,656,929,739,714,968,545,337,364,850,236,1,5,16,625,400,879,803,283,#78.08#638273827#47184#47184#47184
Packet Sent:#93#Round Trip Time#762845#Encryption Time Sender#129433#Decryption Time Sender#62937#Message:#809,531,521,719,708,380,271,156,552,888,62,116,400,879,955,349,337,364,756,7,106,285,282,638,795,30,722,43,106,285,447,944,204,787,479,962,105,262,959,211,204,787,479,962,633,687,138,737,270,632,798,162,143,154,839,733,801,226,953,40,38,542,882,751,#77.81#71771070#47184#47072#47184
Packet Sent:#94#Round Trip Time#767773#Encryption Time Sender#113622#Decryption Time Sender#68487#Message:#747,983,919,232,270,632,396,448,36,913,262,682,552,888,579,414,471,968,507,921,501,589,56,85,649,103,86,937,374,240,667,132,270,632,898,262,552,888,810,441,604,592,522,947,243,969,339,618,471,968,507,921,707,971,537,248,552,888,810,441,38,542,604,592,#77.78#6841868418#47184#47184#47184
Packet Sent:#95#Round Trip Time#757833#Encryption Time Sender#129531#Decryption Time Sender#65615#Message:#400,879,803,283,243,969,264,945,747,983,676,310,538,368,520,59,14,166,555,987,673,659,954,157,27,367,959,780,374,240,867,522,809,531,337,364,552,888,40,776,775,553,509,933,204,787,656,929,400,879,803,283,204,787,121,384,708,380,736,645,501,589,307,174,#77.94#67299799#47184#47072#47184
Packet Sent:#96#Round Trip Time#754890#Encryption Time Sender#134649#Decryption Time Sender#65999#Message:#745,752,332,557,747,983,644,79,38,542,185,341,263,379,546,161,538,368,612,489,853,921,838,795,633,687,707,971,890,926,540,40,337,364,982,57,75,147,46,872,263,379,546,161,604,592,36,78,673,659,386,613,467,297,927,482,633,687,701,35,667,859,210,505,#78.08#5934059340#47184#47184#47184
Packet Sent:#97#Round Trip Time#756185#Encryption Time Sender#117698#Decryption Time Sender#67232#Message:#263,379,772,44,745,752,332,557,775,553,919,759,604,592,522,947,106,285,736,645,36,913,8,712,538,368,808,180,374,240,667,132,143,154,743,176,667,859,428,396,604,592,582,633,142,911,274,54,794,722,828,778,1,5,149,935,14,166,860,484,374,240,863,950,#77.87#6861068610#47184#47072#47184
Packet Sent:#98#Round Trip Time#746328#Encryption Time Sender#134786#Decryption Time Sender#59032#Message:#620,252,294,906,263,379,900,217,134,877,40,215,270,632,535,575,795,30,722,43,620,252,638,777,428,595,91,924,620,252,330,756,358,963,743,815,708,380,442,251,801,226,953,40,374,240,596,45,428,595,970,208,649,103,272,437,667,859,743,815,745,752,332,557,#78.07#5973759737#47184#47184#47184
Packet Sent:#99#Round Trip Time#766180#Encryption Time Sender#120526#Decryption Time Sender#67633#Message:#467,297,422,842,263,379,772,44,400,879,853,921,471,968,507,921,775,553,676,681,747,983,345,211,558,334,307,817,75,147,239,34,795,30,146,746,346,119,376,765,418,440,931,1,853,921,170,117,27,367,959,780,853,921,103,851,1,5,764,390,707,971,610,126,#77.87#6645866458#47184#47072#47184
Packet Sent:#100#Round Trip Time#735093#Encryption Time Sender#132262#Decryption Time Sender#60551#Message:#957,633,442,251,14,166,118,242,558,334,170,117,105,262,443,358,853,921,641,906,204,787,291,653,374,240,596,45,781,888,832,281,633,687,701,35,143,154,946,5,236,892,107,96,781,888,13,234,263,379,900,217,14,166,555,987,38,542,403,136,809,531,193,249,#77.625845058450#47184#47184#47184
Packet Sent:#101#Round Trip Time#746255#Encryption Time Sender#112580#Decryption Time Sender#57541#Message:#747,983,919,232,620,252,25,696,134,877,40,215,337,364,756,7,633,687,772,44,501,589,56,85,558,334,307,817,75,147,185,650,428,595,113,549,374,240,62,116,418,440,358,963,1,5,149,935,649,103,175,441,673,659,775,438,236,892,309,961,801,226,867,522,#78.19#6316363163#47184#47072#47184
Packet Sent:#102#Round Trip Time#774503#Encryption Time Sender#129014#Decryption Time Sender#63951#Message:#105,262,959,211,400,879,803,283,739,714,95,490,105,262,286,942,649,103,309,30,801,226,508,767,745,752,336,897,739,714,254,957,374,240,596,45,673,659,450,118,781,888,832,281,809,531,262,682,418,440,183,779,14,166,38,542,747,983,936,982,358,963,106,706,#77.99#6054860548#47184#47184#47184
Packet Sent:#103#Round Trip Time#781796#Encryption Time Sender#133481#Decryption Time Sender#63100#Message:#673,659,69,243,794,722,239,957,620,252,336,897,745,752,332,557,418,440,515,664,745,752,476,374,739,714,442,740,400,879,955,349,1,5,261,650,708,380,134,114,14,166,555,987,105,262,443,358,853,921,754,938,604,592,582,633,467,297,775,553,538,368,251,78,#77.79#6801468014#47184#47072#47184
Packet Sent:#104#Round Trip Time#710084#Encryption Time Sender#121310#Decryption Time Sender#58557#Message:#400,879,803,283,620,252,25,696,633,687,14,166,374,240,878,961,236,892,309,961,633,687,802,495,795,30,836,625,374,240,878,961,467,297,927,482,243,969,292,586,501,589,927,482,75,147,239,34,14,166,860,484,374,240,774,893,418,440,331,933,707,971,62,875,#78.16#6131761317#47184#47184#47184
Packet Sent:#105#Round Trip Time#773147#Encryption Time Sender#122121#Decryption Time Sender#66244#Message:#418,440,95,501,794,722,239,957,428,595,263,612,400,879,955,349,538,368,67,748,552,888,168,635,667,859,305,698,673,659,560,306,552,888,211,823,105,262,959,211,204,787,560,685,467,297,422,842,337,364,629,603,106,285,316,483,14,166,118,242,633,687,707,971,#77.87#720772075#47184#47072#47184
Packet Sent:#106#Round Trip Time#754992#Encryption Time Sender#127355#Decryption Time Sender#69447#Message:#358,963,743,815,358,963,743,815,775,553,919,759,346,119,284,303,105,262,990,383,418,440,119,357,204,787,656,929,673,659,386,613,707,971,610,126,707,971,537,248,957,633,443,633,794,722,9,790,604,592,149,56,400,879,955,349,75,147,46,872,143,154,656,62,#77.81#984969849#47184#47184#47184
Packet Sent:#107#Round Trip Time#752815#Encryption Time Sender#126103#Decryption Time Sender#66753#Message:#75,147,9,201,428,595,180,636,708,380,895,572,552,888,211,823,337,364,67,243,36,913,8,712,673,659,400,112,467,297,422,842,134,877,979,729,552,888,579,414,243,969,337,627,633,687,982,934,75,147,9,201,501,589,611,488,38,542,970,208,36,913,733,412,#78.06#6717567175#47184#47072#47184
Packet Sent:#108#Round Trip Time#756553#Encryption Time Sender#113860#Decryption Time Sender#71263#Message:#105,262,959,211,707,971,62,875,604,592,794,722,27,367,185,650,667,859,622,921,75,147,277,16,558,334,307,817,142,911,836,366,270,632,861,854,1,5,59,973,707,971,163,425,263,379,804,656,346,119,959,211,346,119,376,765,337,364,723,271,75,147,658,79,#77.94#6954069540#47184#47184#47184
Packet Sent:#109#Round Trip Time#760915#Encryption Time Sender#134167#Decryption Time Sender#65928#Message:#204,787,703,762,105,262,745,752,263,379,478,446,428,595,1,5,801,226,346,119,538,368,487,108,467,297,358,28,794,722,263,379,809,531,727,388,781,888,16,625,105,262,959,211,673,659,400,112,707,971,367,202,552,888,742,860,745,752,704,913,558,334,274,937,#8.25#6380763807#47184#47072#47184
Packet Sent:#110#Round Trip Time#757152#Encryption Time Sender#124366#Decryption Time Sender#65649#Message:#538,368,67,748,707,971,62,875,27,367,175,550,801,226,11,918,552,888,193,249,667,859,35,487,708,380,968,446,957,633,380,261,36,913,681,830,270,632,509,58,27,367,27,367,36,913,330,235,649,103,809,460,795,30,37,901,673,659,400,112,667,859,743,815,#77.92#6516365163#47184#47184#47184
Packet Sent:#111#Round Trip Time#749424#Encryption Time Sender#129033#Decryption Time Sender#60938#Message:#337,364,808,811,374,240,867,522,620,252,336,897,134,877,837,626,957,633,443,633,105,262,933,739,471,968,520,932,75,147,46,872,538,368,808,180,801,226,11,918,707,971,342,505,263,379,804,656,809,531,273,139,14,166,290,828,708,380,736,645,105,262,481,472,#77.89#6469564695#47184#47072#47184
Packet Sent:#112#Round Trip Time#758107#Encryption Time Sender#125113#Decryption Time Sender#72231#Message:#75,147,9,201,673,659,69,243,428,595,263,612,134,877,837,626,781,888,16,625,428,595,267,559,358,963,175,550,14,166,703,762,346,119,284,303,36,913,978,183,1,5,149,935,36,913,330,235,604,592,149,56,795,30,679,660,552,888,742,860,428,595,40,215,#77.80#6988669886#47184#47184#47184
Packet Sent:#113#Round Trip Time#757525#Encryption Time Sender#116468#Decryption Time Sender#68107#Message:#467,297,422,842,775,553,676,681,346,119,400,112,673,659,386,613,667,859,657,680,75,147,277,16,400,879,478,446,739,714,442,740,538,368,251,78,957,633,631,937,794,722,239,957,552,888,970,783,106,285,680,79,270,632,898,262,1,5,26,82,38,542,970,208,#77.98#6641766417#47184#47072#47184
Packet Sent:#114#Round Trip Time#751609#Encryption Time Sender#127615#Decryption Time Sender#64081#Message:#471,968,149,56,633,687,566,69,263,379,478,446,707,971,397,431,358,963,308,263,801,226,508,767,649,103,86,937,243,969,676,681,501,589,95,490,337,364,586,465,374,240,468,848,75,147,239,34,467,297,927,482,558,334,307,817,538,368,705,544,747,983,248,576,#78.25#6365263652#47184#47184#47184
Packet Sent:#115#Round Trip Time#758993#Encryption Time Sender#103094#Decryption Time Sender#66093#Message:#707,971,62,875,673,659,441,97,236,892,808,180,747,983,248,576,809,531,521,719,633,687,802,495,538,368,67,748,1,5,14,825,620,252,855,243,794,722,845,723,853,921,869,663,142,911,307,174,747,983,558,657,604,592,459,489,270,632,898,262,105,262,990,383,#78.27#7314173141#47184#47072#47184
Packet Sent:#116#Round Trip Time#753821#Encryption Time Sender#133799#Decryption Time Sender#59019#Message:#707,971,62,875,633,687,138,737,358,963,804,656,667,859,722,43,558,334,260,521,667,859,35,487,467,297,358,28,667,859,171,691,374,240,863,950,428,595,307,174,14,166,144,491,134,877,919,759,747,983,375,41,745,752,704,913,471,968,804,335,649,103,186,171,#77.94#6603866038#47184#47184#47184
Packet Sent:#117#Round Trip Time#1032867#Encryption Time Sender#128202#Decryption Time Sender#63630#Message:#471,968,149,56,552,888,579,414,809,531,358,28,27,367,911,502,667,859,673,659,707,971,52,792,775,553,294,85,346,119,540,40,853,921,919,232,36,913,681,830,745,752,977,396,14,166,290,828,346,119,540,40,337,364,982,57,428,595,113,549,471,968,160,484,#77.85#6731267312#47184#47072#47184
Packet Sent:#118#Round Trip Time#751116#Encryption Time Sender#131500#Decryption Time Sender#56632#Message:#75,147,9,201,105,262,745,752,263,379,478,446,374,240,774,893,708,380,102,178,243,969,545,650,604,592,774,98,633,687,258,518,667,859,171,691,501,589,620,252,142,911,678,211,27,367,959,780,853,921,869,663,707,971,867,469,649,103,186,171,14,166,45,383,#78.32#6168061680#47184#47184#47184
Packet Sent:#119#Round Trip Time#783205#Encryption Time Sender#112414#Decryption Time Sender#69803#Message:#801,226,953,40,853,921,11,918,374,240,509,58,358,963,106,706,236,892,950,365,501,589,56,85,134,877,919,759,106,285,447,944,418,440,515,664,747,983,919,232,346,119,284,303,36,913,330,235,236,892,950,365,418,440,515,664,75,147,9,201,853,921,754,938,#77.81#6197861978#47184#47072#47184
Packet Sent:#120#Round Trip Time#750331#Encryption Time Sender#123285#Decryption Time Sender#64257#Message:#106,285,736,645,337,364,850,236,418,440,286,49,38,542,882,751,270,632,235,764,27,367,464,747,263,379,804,656,418,440,927,509,649,103,297,640,143,154,965,401,374,240,468,848,263,379,804,656,467,297,358,28,890,926,259,984,620,252,855,243,890,926,606,457,#78.02#6601266012#47184#47184#47184
Packet Sent:#121#Round Trip Time#740902#Encryption Time Sender#127622#Decryption Time Sender#64740#Message:#75,147,9,201,853,921,11,918,106,285,171,691,775,553,57,218,243,969,288,604,358,963,498,957,467,297,358,28,633,687,707,971,538,368,789,660,538,368,251,78,467,297,320,267,471,968,520,932,739,714,214,193,707,971,397,431,794,722,845,723,633,687,566,69,#77.88#6524865248#47184#47072#47184
Packet Sent:#122#Round Trip Time#737511#Encryption Time Sender#119441#Decryption Time Sender#56480#Message:#707,971,62,875,1,5,520,59,795,30,367,789,739,714,286,942,620,252,25,696,558,334,843,372,467,297,235,227,337,364,850,236,853,921,170,117,633,687,138,737,501,589,620,252,337,364,586,465,667,859,657,680,106,285,680,79,801,226,953,40,501,589,620,252,#77.78#5867858678#47184#47184#47184
Packet Sent:#123#Round Trip Time#733383#Encryption Time Sender#118282#Decryption Time Sender#56606#Message:#418,440,95,501,142,911,451,542,1,5,67,243,467,297,468,848,795,30,494,370,501,589,56,85,471,968,551,199,38,542,579,577,106,285,680,79,143,154,805,226,801,226,953,40,890,926,448,411,558,334,307,817,801,226,367,789,957,633,501,402,957,633,442,251,#78.00#5668756687#47184#47072#47184
Packet Sent:#124#Round Trip Time#784268#Encryption Time Sender#110945#Decryption Time Sender#67075#Message:#243,969,264,945,604,592,522,947,143,154,443,358,649,103,297,640,358,963,743,815,38,542,693,384,142,911,307,174,263,379,448,580,558,334,361,448,358,963,579,414,27,367,443,633,143,154,175,441,747,983,248,576,775,553,439,505,374,240,919,232,558,334,274,937,#78.07#7259772597#47184#47184#47184
Packet Sent:#125#Round Trip Time#871810#Encryption Time Sender#118622#Decryption Time Sender#64106#Message:#418,440,95,501,428,595,153,653,809,531,358,28,853,921,754,938,620,252,25,696,263,379,164,558,794,722,9,790,428,595,91,924,400,879,955,349,105,262,990,383,27,367,27,367,236,892,309,961,142,911,167,414,142,911,451,542,747,983,54,813,501,589,515,664,#77.88#6581365813#47184#47072#47184
Packet Sent:#126#Round Trip Time#904809#Encryption Time Sender#127581#Decryption Time Sender#61724#Message:#471,968,149,56,471,968,507,921,27,367,175,550,809,531,193,249,263,379,448,580,745,752,476,374,957,633,286,49,673,659,775,438,204,787,479,962,801,226,890,65,243,969,762,638,795,30,836,625,673,659,775,438,707,971,163,425,270,632,798,162,36,913,761,890,#78.02#611061010#47184#47184#47184
Packet Sent:#127#Round Trip Time#743485#Encryption Time Sender#126809#Decryption Time Sender#66296#Message:#418,440,95,501,673,659,441,97,745,752,774,98,1,5,16,625,36,913,656,62,775,553,875,53,552,888,970,783,809,531,112,445,134,877,62,875,358,963,175,550,501,589,813,157,14,166,290,828,853,921,869,663,346,119,959,211,775,553,294,85,346,119,140,225,#78.23#6196061960#47184#47072#47184
Packet Sent:#128#Round Trip Time#760834#Encryption Time Sender#98556#Decryption Time Sender#66221#Message:#36,913,309,30,1,5,520,59,270,632,339,618,538,368,67,748,337,364,808,811,552,888,168,635,667,859,171,691,236,892,309,961,236,892,107,96,134,877,194,624,620,252,855,243,143,154,743,176,633,687,982,934,794,722,980,533,27,367,100,273,143,154,965,401,#77.77#6600166001#47184#47184#47184
Packet Sent:#129#Round Trip Time#749248#Encryption Time Sender#129353#Decryption Time Sender#61913#Message:#667,859,305,698,204,787,703,762,374,240,509,58,270,632,294,906,418,440,687,345,106,285,282,638,263,379,804,656,204,787,121,384,374,240,919,232,14,166,45,383,620,252,255,155,243,969,339,618,14,166,13,757,673,659,386,613,707,971,163,425,552,888,211,823,#7.94#690062900#47184#47072#47184
Packet Sent:#130#Round Trip Time#764442#Encryption Time Sender#125061#Decryption Time Sender#65546#Message:#795,30,722,43,795,30,722,43,853,921,290,828,467,297,153,653,747,983,694,756,794,722,870,464,604,592,774,98,471,968,804,335,667,859,305,698,14,166,290,828,957,633,501,402,673,659,400,112,142,911,400,879,673,659,69,243,75,147,239,34,400,879,955,349,#77.90#6376863768#47184#47184#47184
Packet Sent:#131#Round Trip Time#751789#Encryption Time Sender#133271#Decryption Time Sender#61232#Message:#467,297,422,842,558,334,274,937,853,921,290,828,739,714,910,516,204,787,560,685,36,913,8,712,243,969,339,618,467,297,861,137,558,334,473,954,667,859,622,921,620,252,339,373,270,632,509,58,143,154,45,383,795,30,37,901,673,659,450,118,143,154,171,300,#77.8#6214362143#47184#47072#47184
Packet Sent:#132#Round Trip Time#752476#Encryption Time Sender#129108#Decryption Time Sender#62548#Message:#781,888,386,613,673,659,69,243,801,226,408,423,957,633,442,251,106,285,269,768,781,888,99,629,374,240,62,116,775,553,210,505,633,687,138,737,36,913,330,235,263,379,867,522,890,926,263,612,142,911,951,674,809,531,521,719,270,632,509,58,236,892,86,54,#77.74#6276962769#47184#47184#47184
Packet Sent:#133#Round Trip Time#758961#Encryption Time Sender#116392#Decryption Time Sender#65046#Message:#620,252,294,906,745,752,567,463,739,714,95,490,243,969,292,586,428,595,307,174,471,968,60,189,667,859,171,691,957,633,504,323,501,589,620,252,775,553,57,218,794,722,174,745,400,879,478,446,346,119,140,225,552,888,742,860,708,380,496,734,358,963,44,986,#78.13#6088160881#47184#47072#47184
Packet Sent:#134#Round Trip Time#752472#Encryption Time Sender#129866#Decryption Time Sender#59162#Message:#558,334,274,937,801,226,953,40,747,983,676,310,418,440,95,501,853,921,442,251,633,687,802,495,27,367,959,780,801,226,502,449,337,364,723,271,428,595,77,949,105,262,286,942,134,877,919,759,809,531,273,139,649,103,411,829,649,103,411,829,708,380,736,645,#77.79#6444964449#47184#47184#47184
Packet Sent:#135#Round Trip Time#747865#Encryption Time Sender#122341#Decryption Time Sender#62803#Message:#374,240,867,522,236,892,330,756,27,367,175,550,270,632,383,74,243,969,762,638,501,589,56,85,471,968,520,932,775,553,814,527,795,30,146,746,36,913,733,412,106,285,353,938,134,877,919,759,106,285,316,483,105,262,73,399,428,595,91,924,673,659,441,97,#77.80#6045860458#47184#47072#47184
Packet Sent:#136#Round Trip Time#749967#Encryption Time Sender#107409#Decryption Time Sender#59602#Message:#337,364,808,811,471,968,149,56,890,926,929,417,633,687,772,44,263,379,900,217,105,262,933,739,707,971,342,505,1,5,774,893,501,589,611,488,142,911,287,349,142,911,951,674,538,368,705,544,552,888,40,776,142,911,942,493,134,877,692,599,745,752,977,396,#77.98#5914259142#47184#47184#47184
Packet Sent:#137#Round Trip Time#760468#Encryption Time Sender#123356#Decryption Time Sender#64515#Message:#890,926,362,945,36,913,309,30,27,367,175,550,106,285,353,938,38,542,175,441,142,911,178,901,708,380,968,446,143,154,175,441,801,226,367,789,374,240,774,893,667,859,657,680,346,119,185,341,552,888,579,414,106,285,680,79,781,888,95,501,134,877,837,626,#77.89#6763867638#47184#47072#47184
Packet Sent:#138#Round Trip Time#747058#Encryption Time Sender#120488#Decryption Time Sender#59246#Message:#552,888,579,414,775,553,676,681,501,589,680,79,649,103,186,171,781,888,95,501,142,911,178,901,418,440,314,592,794,722,828,778,14,166,555,987,801,226,11,918,649,103,86,937,236,892,810,550,853,921,754,938,890,926,786,530,27,367,185,650,400,879,478,446,#77.83#5849658496#47184#47184#47184
Packet Sent:#139#Round Trip Time#781987#Encryption Time Sender#120583#Decryption Time Sender#64748#Message:#36,913,309,30,739,714,286,942,400,879,853,921,673,659,441,97,794,722,174,745,890,926,570,826,467,297,422,842,143,154,965,401,270,632,383,74,708,380,641,85,374,240,863,950,142,911,307,174,243,969,292,586,775,553,57,218,467,297,235,227,204,787,479,962,#77.81#718507185#47184#47072#47184
Packet Sent:#140#Round Trip Time#759591#Encryption Time Sender#119727#Decryption Time Sender#68604#Message:#142,911,307,174,552,888,579,414,558,334,170,117,775,553,509,933,134,877,979,729,400,879,177,384,374,240,867,522,134,877,979,729,36,913,330,235,36,913,676,681,781,888,515,327,243,969,264,945,794,722,174,745,890,926,263,612,263,379,867,522,538,368,808,180,#77.91#7169671696#47184#47184#47184
Packet Sent:#141#Round Trip Time#747994#Encryption Time Sender#115774#Decryption Time Sender#71476#Message:#747,983,919,232,106,285,736,645,745,752,774,98,134,877,919,759,794,722,680,912,552,888,168,635,14,166,290,828,1,5,774,893,853,921,641,906,27,367,27,367,337,364,850,236,853,921,170,117,890,926,540,40,36,913,135,62,142,911,400,879,747,983,644,79,#77.69#6923869238#47184#47072#47184
Packet Sent:#142#Round Trip Time#736194#Encryption Time Sender#124047#Decryption Time Sender#54839#Message:#14,166,118,242,346,119,284,303,620,252,336,897,106,285,316,483,558,334,473,954,105,262,933,739,775,553,439,505,105,262,443,358,471,968,626,603,667,859,673,659,204,787,703,762,14,166,38,542,501,589,95,490,739,714,254,957,358,963,308,263,38,542,970,208,#78.01#560556057#47184#47184#47184
Packet Sent:#143#Round Trip Time#759542#Encryption Time Sender#125918#Decryption Time Sender#69966#Message:#1,5,520,59,673,659,69,243,36,913,262,682,809,531,375,950,428,595,77,949,236,892,256,290,14,166,290,828,890,926,966,919,400,879,478,446,558,334,473,954,707,971,62,875,673,659,400,112,538,368,612,489,620,252,676,310,142,911,942,493,552,888,579,414,#77.94#6861768617#47184#47072#47184
Packet Sent:#144#Round Trip Time#749829#Encryption Time Sender#126444#Decryption Time Sender#64789#Message:#667,859,305,698,14,166,118,242,346,119,400,112,471,968,507,921,27,367,26,909,801,226,508,767,809,531,262,682,204,787,732,764,552,888,970,783,745,752,553,862,75,147,239,34,673,659,400,112,134,877,692,599,38,542,579,577,739,714,902,270,418,440,927,509,#77.85#661664616#47184#47184#47184
Packet Sent:#145#Round Trip Time#758796#Encryption Time Sender#116789#Decryption Time Sender#63019#Message:#747,983,919,232,739,714,286,942,14,166,318,785,957,633,286,49,467,297,153,653,14,166,82,601,795,30,836,625,142,911,836,366,745,752,704,913,143,154,805,226,781,888,515,327,538,368,808,180,143,154,656,62,604,592,582,633,75,147,747,983,781,888,515,327,#77.69#6908669086#47184#47072#47184
Packet Sent:#146#Round Trip Time#765570#Encryption Time Sender#126099#Decryption Time Sender#68566#Message:#471,968,149,56,552,888,579,414,794,722,307,817,501,589,927,482,775,553,294,85,270,632,958,756,853,921,170,117,27,367,185,650,346,119,140,225,809,531,521,719,400,879,91,67,263,379,804,656,105,262,286,942,400,879,951,674,673,659,69,243,346,119,707,20,#77.76#6907269072#47184#47184#47184
Packet Sent:#147#Round Trip Time#756750#Encryption Time Sender#135129#Decryption Time Sender#62158#Message:#552,888,579,414,142,911,307,174,604,592,794,722,36,913,978,183,801,226,346,119,204,787,291,653,801,226,367,789,673,659,441,97,538,368,789,660,809,531,727,388,75,147,349,583,428,595,40,215,745,752,567,463,604,592,809,531,38,542,604,592,501,589,962,507,#77.856828268282#47184#47072#47184
Packet Sent:#148#Round Trip Time#745096#Encryption Time Sender#115973#Decryption Time Sender#65419#Message:#270,632,396,448,633,687,566,69,739,714,95,490,236,892,107,96,747,983,375,41,374,240,988,902,795,30,355,744,400,879,478,446,890,926,966,919,890,926,448,411,374,240,667,132,775,553,439,505,75,147,239,34,809,531,727,388,781,888,13,234,649,103,186,171,#78.06#5685856858#47184#47184#47184
Packet Sent:#149#Round Trip Time#749725#Encryption Time Sender#121822#Decryption Time Sender#64886#Message:#418,440,95,501,14,166,144,491,358,963,804,656,707,971,397,431,620,252,339,373,471,968,60,189,75,147,239,34,747,983,54,813,27,367,27,367,501,589,620,252,633,687,566,69,604,592,774,98,337,364,756,7,558,334,40,776,649,103,186,171,143,154,805,226,#78.23#6138861388#47184#47072#47184
Packet Sent:#150#Round Trip Time#757470#Encryption Time Sender#128592#Decryption Time Sender#66108#Message:#558,334,274,937,809,531,727,388,236,892,808,180,38,542,882,751,75,147,349,583,552,888,168,635,667,859,171,691,795,30,836,625,620,252,676,310,781,888,13,234,853,921,754,938,36,913,330,235,890,926,263,612,243,969,339,618,75,147,506,973,667,859,657,680,#78.02#6665866658#47184#47184#47184
Packet Sent:#151#Round Trip Time#746628#Encryption Time Sender#136721#Decryption Time Sender#58906#Message:#809,531,521,719,38,542,970,208,263,379,478,446,467,297,153,653,673,659,560,306,538,368,487,108,775,553,294,85,558,334,688,947,501,589,195,365,957,633,442,251,707,971,342,505,745,752,336,897,204,787,479,962,667,859,622,921,105,262,959,211,809,531,467,694,#77.92#604756475#47184#47072#47184
Packet Sent:#152#Round Trip Time#752340#Encryption Time Sender#140992#Decryption Time Sender#59385#Message:#263,379,772,44,739,714,286,942,374,240,509,58,106,285,736,645,418,440,927,509,853,921,838,795,105,262,443,358,346,119,707,20,673,659,121,607,14,166,294,906,14,166,860,484,38,542,579,577,75,147,349,583,667,859,673,659,243,969,676,681,204,787,731,827,#77.76#625316253#47184#47184#47184
Packet Sent:#153#Round Trip Time#766506#Encryption Time Sender#123888#Decryption Time Sender#70723#Message:#604,592,562,363,374,240,867,522,795,30,367,789,957,633,442,251,36,913,733,412,794,722,870,464,337,364,67,243,501,589,591,707,346,119,239,957,270,632,798,162,853,921,102,813,143,154,743,176,400,879,1,986,36,913,656,62,36,913,681,830,538,368,705,544,#77.75#6531565315#47184#47072#47184
Packet Sent:#154#Round Trip Time#750814#Encryption Time Sender#118436#Decryption Time Sender#61916#Message:#418,440,95,501,134,877,375,950,957,633,656,929,781,888,832,281,538,368,808,180,374,240,988,902,418,440,927,509,809,531,273,139,106,285,353,938,106,285,9,201,890,926,540,40,890,926,263,612,75,147,46,872,747,983,644,79,620,252,330,756,263,379,867,522,#77.86#6489964899#47184#47184#47184
Packet Sent:#155#Round Trip Time#762971#Encryption Time Sender#136559#Decryption Time Sender#65845#Message:#106,285,736,645,263,379,772,44,745,752,774,98,142,911,451,542,538,368,478,545,467,297,758,251,38,542,579,577,346,119,654,142,14,166,555,987,105,262,745,752,745,752,67,748,633,687,982,934,400,879,302,775,745,752,96,371,400,879,955,349,801,226,11,918,#77.83#6148961489#47184#47072#47184
Packet Sent:#156#Round Trip Time#744399#Encryption Time Sender#115009#Decryption Time Sender#66177#Message:#707,971,62,875,795,30,722,43,633,687,14,166,794,722,9,790,649,103,186,171,14,166,82,601,204,787,560,685,400,879,396,448,747,983,644,79,739,714,170,874,739,714,170,874,890,926,448,411,471,968,808,811,1,5,841,294,400,879,396,448,142,911,836,366,#77.68#989959899#47184#47184#47184
Packet Sent:#157#Round Trip Time#750567#Encryption Time Sender#115452#Decryption Time Sender#62097#Message:#106,285,736,645,27,367,443,633,14,166,318,785,142,911,307,174,747,983,248,576,501,589,56,85,337,364,67,243,106,285,759,846,374,240,596,45,143,154,946,5,263,379,546,161,801,226,367,789,14,166,38,542,204,787,560,685,707,971,342,505,14,166,45,383,#77.72#655506550#47184#47072#47184
Packet Sent:#158#Round Trip Time#766604#Encryption Time Sender#123926#Decryption Time Sender#61296#Message:#36,913,309,30,620,252,294,906,105,262,515,327,673,659,69,243,243,969,676,681,552,888,168,635,558,334,307,817,270,632,861,854,263,379,698,120,1,5,14,825,801,226,867,522,75,147,239,34,346,119,376,765,795,30,37,901,501,589,515,664,14,166,294,906,#77.73#6513365133#47184#47184#47184
Packet Sent:#159#Round Trip Time#746250#Encryption Time Sender#123597#Decryption Time Sender#64041#Message:#106,285,736,645,27,367,443,633,374,240,509,58,649,103,272,437,134,877,979,729,633,687,802,495,747,983,375,41,890,926,9,201,243,969,762,638,243,969,292,586,75,147,46,872,620,252,676,310,346,119,239,957,263,379,546,161,346,119,654,142,428,595,77,949,#77.71#6301463014#47184#47072#47184
Packet Sent:#160#Round Trip Time#745510#Encryption Time Sender#138760#Decryption Time Sender#59932#Message:#781,888,386,613,633,687,138,737,471,968,86,937,105,262,443,358,649,103,411,829,795,30,388,792,890,926,263,612,708,380,134,114,142,911,942,493,346,119,185,341,633,687,566,69,38,542,579,577,358,963,44,986,358,963,44,986,337,364,67,243,633,687,566,69,#77.64#6116861168#47184#47184#47184
Packet Sent:#161#Round Trip Time#757185#Encryption Time Sender#136189#Decryption Time Sender#68884#Message:#708,380,271,156,673,659,274,937,75,147,836,625,501,589,515,664,337,364,586,465,36,913,8,712,471,968,520,932,853,921,869,663,243,969,288,604,105,262,680,912,374,240,62,116,809,531,262,682,270,632,798,162,358,963,106,706,1,5,14,825,708,380,968,446,#73.35#6183661836#47184#47072#47184
Packet Sent:#162#Round Trip Time#760296#Encryption Time Sender#132383#Decryption Time Sender#60564#Message:#105,262,959,211,36,913,978,183,358,963,804,656,673,659,789,660,471,968,626,603,775,553,875,53,708,380,968,446,337,364,850,236,501,589,515,664,794,722,845,723,105,262,745,752,853,921,170,117,467,297,320,267,204,787,330,756,374,240,696,818,809,531,727,388,#78.00#683486848#47184#47184#47184
Packet Sent:#163#Round Trip Time#738628#Encryption Time Sender#134211#Decryption Time Sender#68741#Message:#667,859,171,691,781,888,832,281,14,166,318,785,558,334,473,954,667,859,305,698,795,30,388,792,358,963,175,550,27,367,959,780,358,963,86,54,809,531,262,682,890,926,9,201,374,240,62,116,38,542,579,577,263,379,520,59,337,364,67,243,263,379,520,59,#68.17#6636366363#47184#47072#47184
Packet Sent:#164#Round Trip Time#769526#Encryption Time Sender#133609#Decryption Time Sender#62589#Message:#667,859,305,698,708,380,271,156,263,379,478,446,346,119,959,211,106,285,316,483,263,379,164,558,204,787,656,929,418,440,358,963,14,166,45,383,781,888,927,482,667,859,673,659,27,367,959,780,781,888,95,501,649,103,297,640,957,633,443,633,358,963,308,263,#77.90#309563095#47184#47184#47184
Packet Sent:#165#Round Trip Time#712510#Encryption Time Sender#116544#Decryption Time Sender#62338#Message:#794,722,9,790,337,364,982,57,673,659,665,538,795,30,673,332,633,687,707,971,27,367,464,747,1,5,149,935,38,542,403,136,745,752,704,913,620,252,339,373,27,367,443,633,134,877,919,759,775,553,439,505,708,380,629,603,236,892,853,70,14,166,118,242,#63.25#6503765037#47184#47072#47184
Packet Sent:#166#Round Trip Time#758575#Encryption Time Sender#115608#Decryption Time Sender#61672#Message:#270,632,396,448,739,714,286,942,374,240,509,58,27,367,443,633,337,364,808,811,358,963,498,957,204,787,656,929,236,892,950,365,649,103,186,171,105,262,286,942,853,921,11,918,263,379,804,656,604,592,459,489,374,240,667,132,105,262,286,942,38,542,970,208,#77.77#189761897#47184#47184#47184
Packet Sent:#167#Round Trip Time#748325#Encryption Time Sender#119865#Decryption Time Sender#63631#Message:#794,722,239,957,673,659,69,243,667,859,787,936,707,971,804,335,1,5,149,935,143,154,925,133,467,297,358,28,400,879,955,349,204,787,656,929,204,787,539,644,620,252,330,756,27,367,959,780,957,633,501,402,794,722,9,790,633,687,566,69,14,166,703,762,#77.96#68968689#47184#47072#47184
Packet Sent:#168#Round Trip Time#804658#Encryption Time Sender#135085#Decryption Time Sender#61887#Message:#428,595,1,5,775,553,57,218,467,297,6,441,374,240,863,950,358,963,743,815,745,752,476,374,105,262,481,472,106,285,736,645,38,542,615,171,739,714,601,186,243,969,332,557,649,103,809,460,801,226,953,40,263,379,123,104,853,921,641,906,204,787,743,815,#28.07#574295742#47184#47184#47184
Packet Sent:#169#Round Trip Time#801031#Encryption Time Sender#134557#Decryption Time Sender#64476#Message:#745,752,977,396,471,968,507,921,106,285,171,691,243,969,467,297,673,659,789,660,673,659,954,157,801,226,367,789,263,379,448,580,1,5,59,973,739,714,431,793,775,553,210,505,75,147,239,34,38,542,453,618,673,659,450,118,337,364,723,271,358,963,823,539,#28.20#6244262442#47184#47072#47184
Packet Sent:#170#Round Trip Time#846248#Encryption Time Sender#126823#Decryption Time Sender#71510#Message:#400,879,808,811,346,119,284,303,142,911,239,34,14,166,38,542,501,589,962,507,38,542,693,384,747,983,375,41,143,154,656,62,467,297,468,848,467,297,468,848,707,971,203,575,604,592,774,98,467,297,153,653,400,879,951,674,38,542,882,751,75,147,835,813,#38.52#6900169001#47184#47184#47184
Packet Sent:#171#Round Trip Time#741767#Encryption Time Sender#118649#Decryption Time Sender#63397#Message:#667,859,305,698,620,252,294,906,649,103,27,624,36,913,309,30,106,285,346,872,270,632,958,756,236,892,309,961,739,714,902,270,775,553,509,933,358,963,947,608,374,240,62,116,957,633,286,49,853,921,869,663,27,367,185,650,337,364,944,881,707,971,867,469,#77.72#6190661906#47184#47072#47184
Packet Sent:#172#Round Trip Time#806636#Encryption Time Sender#123476#Decryption Time Sender#64965#Message:#801,226,759,145,747,983,919,232,633,687,14,166,358,963,106,706,673,659,386,613,337,364,357,330,400,879,478,446,263,379,123,104,14,166,860,484,501,589,95,490,809,531,727,388,263,379,804,656,957,633,726,751,538,368,176,22,428,595,40,215,471,968,507,921,#27.89#6416864168#47184#47184#47184
Packet Sent:#173#Round Trip Time#807197#Encryption Time Sender#119342#Decryption Time Sender#70231#Message:#467,297,861,137,633,687,566,69,747,983,676,310,957,633,504,323,781,888,445,99,142,911,178,901,428,595,40,215,471,968,804,335,270,632,383,74,337,364,629,603,649,103,309,30,75,147,239,34,142,911,400,879,337,364,850,236,957,633,83,71,747,983,262,309,#28.01#6382963829#47184#47072#47184
Packet Sent:#174#Round Trip Time#792967#Encryption Time Sender#134099#Decryption Time Sender#58396#Message:#467,297,861,137,142,911,451,542,673,659,665,538,14,166,45,383,134,877,62,875,667,859,35,487,14,166,38,542,204,787,539,644,36,913,58,363,667,859,305,698,105,262,959,211,633,687,707,971,649,103,186,171,890,926,786,530,781,888,386,613,707,971,62,875,#28.09#547758477#47184#47184#47184
Packet Sent:#175#Round Trip Time#815802#Encryption Time Sender#130171#Decryption Time Sender#63623#Message:#38,542,836,366,105,262,71,498,620,252,336,897,649,103,309,30,337,364,586,465,795,30,388,792,467,297,358,28,667,859,210,505,358,963,308,263,558,334,95,501,142,911,951,674,775,553,294,85,801,226,397,431,105,262,481,472,374,240,919,232,36,913,135,62,#32.95#6059260592#47184#47072#47184
Packet Sent:#176#Round Trip Time#767268#Encryption Time Sender#128536#Decryption Time Sender#66243#Message:#400,879,803,283,649,103,186,171,471,968,86,937,745,752,704,913,708,380,102,178,649,103,470,135,794,722,9,790,739,714,214,193,794,722,263,379,263,379,123,104,667,859,428,396,794,722,9,790,558,334,361,448,374,240,774,893,346,119,547,653,781,888,445,99,#78.02#6534165341#47184#47184#47184
Packet Sent:#177#Round Trip Time#745155#Encryption Time Sender#117593#Decryption Time Sender#58261#Message:#501,589,927,482,346,119,540,40,337,364,330,235,501,589,620,252,337,364,808,811,890,926,570,826,794,722,9,790,708,380,629,603,14,166,38,542,649,103,297,640,374,240,468,848,143,154,743,176,794,722,980,533,236,892,810,550,649,103,297,640,794,722,762,638,#77.87#6050260502#47184#47072#47184
Packet Sent:#178#Round Trip Time#757840#Encryption Time Sender#129710#Decryption Time Sender#68095#Message:#418,440,95,501,36,913,309,30,552,888,62,116,781,888,832,281,501,589,515,664,633,687,802,495,38,542,579,577,801,226,367,789,38,542,882,751,604,592,36,78,809,531,727,388,134,877,919,759,558,334,307,817,558,334,688,947,143,154,946,5,794,722,828,778,#77.83#6605866058#47184#47184#47184
Packet Sent:#179#Round Trip Time#744201#Encryption Time Sender#109102#Decryption Time Sender#68880#Message:#337,364,808,811,143,154,175,441,358,963,804,656,36,913,978,183,142,911,836,366,667,859,35,487,794,722,239,957,794,722,762,638,708,380,496,734,428,595,248,576,374,240,867,522,667,859,305,698,747,983,248,576,795,30,679,660,400,879,951,674,739,714,286,942,#77.89#7280772807#47184#47072#47184
Packet Sent:#180#Round Trip Time#745253#Encryption Time Sender#120872#Decryption Time Sender#59091#Message:#14,166,118,242,957,633,442,251,604,592,794,722,794,722,680,912,620,252,294,906,558,334,843,372,801,226,367,789,106,285,346,872,809,531,467,694,134,877,979,729,747,983,375,41,552,888,970,783,604,592,809,531,801,226,346,119,501,589,611,488,781,888,515,327,#77.97#6251662516#47184#47184#47184
Packet Sent:#181#Round Trip Time#728293#Encryption Time Sender#107168#Decryption Time Sender#61442#Message:#739,714,286,942,1,5,14,825,775,553,919,759,418,440,358,963,400,879,808,811,270,632,958,756,270,632,509,58,142,911,942,493,633,687,258,518,270,632,336,94,501,589,515,664,471,968,520,932,957,633,631,937,1,5,26,82,471,968,804,335,358,963,86,54,#73.33#6113361133#47184#47072#47184
Packet Sent:#182#Round Trip Time#776175#Encryption Time Sender#129956#Decryption Time Sender#67138#Message:#747,983,919,232,467,297,320,267,739,714,95,490,853,921,103,851,604,592,582,633,400,879,177,384,358,963,743,815,374,240,863,950,604,592,522,947,105,262,481,472,14,166,45,383,358,963,743,815,236,892,107,96,673,659,441,97,739,714,214,193,14,166,45,383,#78.40#7085070850#47184#47184#47184
Packet Sent:#183#Round Trip Time#715467#Encryption Time Sender#135454#Decryption Time Sender#58248#Message:#134,877,919,759,27,367,27,367,801,226,408,423,890,926,448,411,501,589,95,490,667,859,35,487,204,787,560,685,471,968,916,326,558,334,95,501,14,166,290,828,809,531,375,950,745,752,967,984,558,334,260,521,467,297,153,653,134,877,919,759,428,595,970,208,#63.56#496954969#47184#47072#47184
Packet Sent:#184#Round Trip Time#894624#Encryption Time Sender#137578#Decryption Time Sender#69370#Message:#38,542,579,577,538,368,478,545,204,787,982,934,673,659,274,937,552,888,40,776,204,787,291,653,134,877,919,759,708,380,271,156,853,921,869,663,270,632,383,74,358,963,86,54,649,103,86,937,346,119,540,40,552,888,810,441,794,722,828,778,633,687,67,748,#63396718367183#47184#47184#47184
Packet Sent:#185#Round Trip Time#750642#Encryption Time Sender#126935#Decryption Time Sender#60466#Message:#374,240,867,522,204,787,539,644,649,103,27,624,243,969,762,638,105,262,71,498,263,379,164,558,134,877,580,249,775,553,57,218,801,226,346,119,775,553,439,505,467,297,358,28,204,787,560,685,428,595,180,636,36,913,733,412,739,714,214,193,471,968,520,932,#7.02#585568556#47184#47072#47184
Packet Sent:#186#Round Trip Time#765888#Encryption Time Sender#130467#Decryption Time Sender#60144#Message:#739,714,286,942,374,240,867,522,604,592,794,722,558,334,739,277,538,368,478,545,604,592,266,463,809,531,262,682,106,285,346,872,604,592,774,98,106,285,447,944,853,921,754,938,673,659,400,112,558,334,755,830,620,252,676,310,633,687,258,518,558,334,739,277,#77.83#6261862618#47184#47184#47184
Packet Sent:#187#Round Trip Time#743984#Encryption Time Sender#125297#Decryption Time Sender#62813#Message:#558,334,274,937,471,968,149,56,667,859,787,936,346,119,540,40,428,595,77,949,471,968,60,189,236,892,810,550,358,963,579,414,337,364,850,236,552,888,193,249,633,687,707,971,36,913,733,412,649,103,309,30,667,859,657,680,739,714,601,186,38,542,403,136,#77.74#5982559825#47184#47072#47184
Packet Sent:#188#Round Trip Time#746390#Encryption Time Sender#116562#Decryption Time Sender#59576#Message:#739,714,286,942,673,659,69,243,374,240,509,58,106,285,353,938,27,367,764,601,620,252,638,777,747,983,375,41,27,367,26,909,501,589,591,707,337,364,756,7,781,888,832,281,649,103,86,937,604,592,36,78,667,859,673,659,374,240,878,961,105,262,745,752,#77.81#6551865518#47184#47184#47184
Packet Sent:#189#Round Trip Time#765908#Encryption Time Sender#136493#Decryption Time Sender#60109#Message:#708,380,271,156,538,368,67,748,853,921,290,828,633,687,772,44,471,968,520,932,501,589,56,85,775,553,439,505,801,226,11,918,400,879,396,448,745,752,977,396,673,659,400,112,890,926,448,411,552,888,40,776,853,921,442,251,795,30,673,332,105,262,443,358,#77.96#5992659926#47184#47072#47184
Packet Sent:#190#Round Trip Time#732159#Encryption Time Sender#118288#Decryption Time Sender#58339#Message:#649,103,272,437,747,983,919,232,38,542,185,341,558,334,739,277,801,226,867,522,667,859,35,487,27,367,26,909,501,589,620,252,1,5,261,650,106,285,316,483,633,687,258,518,708,380,641,85,739,714,910,516,418,440,183,779,649,103,297,640,775,553,724,93,#77.83#5800158001#47184#47184#47184
Packet Sent:#191#Round Trip Time#760845#Encryption Time Sender#122338#Decryption Time Sender#63558#Message:#1,5,520,59,775,553,676,681,263,379,478,446,745,752,567,463,263,379,900,217,707,971,52,792,358,963,175,550,27,367,166,352,649,103,175,441,673,659,121,607,14,166,38,542,428,595,40,215,781,888,782,251,707,971,367,202,358,963,308,263,471,968,551,199,#77.88#6435564355#47184#47072#47184
Packet Sent:#192#Round Trip Time#753511#Encryption Time Sender#117966#Decryption Time Sender#64840#Message:#552,888,579,414,263,379,900,217,739,714,95,490,633,687,258,518,604,592,809,531,620,252,638,777,27,367,959,780,708,380,102,178,673,659,386,613,337,364,336,94,633,687,601,186,236,892,309,961,708,380,102,178,552,888,40,776,400,879,396,448,400,879,951,674,#78.12#6299062990#47184#47184#47184
Packet Sent:#193#Round Trip Time#732157#Encryption Time Sender#126941#Decryption Time Sender#56291#Message:#957,633,442,251,501,589,927,482,263,379,478,446,673,659,441,97,781,888,38,449,775,553,875,53,467,297,358,28,105,262,71,498,418,440,515,664,552,888,429,252,853,921,869,663,745,752,336,897,236,892,140,225,106,285,9,201,739,714,431,793,552,888,810,441,#77.82#6294162941#47184#47072#47184
Packet Sent:#194#Round Trip Time#771511#Encryption Time Sender#117955#Decryption Time Sender#64874#Message:#667,859,305,698,890,926,362,945,36,913,262,682,36,913,978,183,552,888,810,441,620,252,638,777,428,595,40,215,673,659,450,118,667,859,428,396,620,252,463,683,143,154,45,383,337,364,67,243,204,787,732,764,673,659,775,438,142,911,287,349,745,752,977,396,#77.81#641426142#47184#47184#47184
Packet Sent:#195#Round Trip Time#762084#Encryption Time Sender#130810#Decryption Time Sender#69129#Message:#673,659,69,243,739,714,286,942,471,968,86,937,538,368,612,489,853,921,641,906,801,226,508,767,418,440,927,509,707,971,867,469,400,879,91,67,204,787,539,644,142,911,274,54,400,879,478,446,620,252,676,310,358,963,823,539,708,380,496,734,134,877,919,759,#77.82#662666286#47184#47072#47184
Packet Sent:#196#Round Trip Time#748280#Encryption Time Sender#134709#Decryption Time Sender#66935#Message:#204,787,703,762,106,285,736,645,36,913,262,682,467,297,422,842,781,888,13,234,673,659,954,157,708,380,968,446,346,119,540,40,1,5,774,893,775,553,724,93,358,963,86,54,853,921,170,117,633,687,138,737,142,911,836,366,204,787,731,827,747,983,558,657,#7.75#679136793#47184#47184#47184
Packet Sent:#197#Round Trip Time#748509#Encryption Time Sender#124119#Decryption Time Sender#62411#Message:#38,542,970,208,501,589,927,482,75,147,836,625,36,913,676,681,747,983,936,982,270,632,958,756,75,147,239,34,14,166,13,757,708,380,736,645,142,911,836,366,633,687,67,748,667,859,171,691,604,592,809,531,801,226,11,918,467,297,153,653,106,285,443,633,#77.94#6299362993#47184#47072#47184
Packet Sent:#198#Round Trip Time#754428#Encryption Time Sender#129284#Decryption Time Sender#63302#Message:#36,913,309,30,853,921,11,918,708,380,895,572,142,911,451,542,775,553,724,93,38,542,693,384,795,30,836,625,467,297,422,842,604,592,149,56,739,714,902,270,745,752,96,371,337,364,67,243,739,714,286,942,243,969,332,557,471,968,306,184,14,166,555,987,#77.81#6791467914#47184#47184#47184
Packet Sent:#199#Round Trip Time#756073#Encryption Time Sender#130924#Decryption Time Sender#62568#Message:#106,285,736,645,501,589,927,482,809,531,358,28,418,440,95,501,14,166,703,762,649,103,470,135,75,147,239,34,794,722,762,638,957,633,380,261,620,252,969,498,270,632,383,74,707,971,867,469,538,368,789,660,263,379,606,534,14,166,38,542,134,877,837,626,#77.79#6255862558#47184#47072#47184
Packet Sent:#200#Round Trip Time#723377#Encryption Time Sender#111838#Decryption Time Sender#70534#Message:#428,595,153,653,418,440,358,963,620,252,336,897,809,531,112,445,1,5,26,82,243,969,545,650,501,589,95,490,1,5,16,625,795,30,673,332,75,147,658,79,27,367,959,780,794,722,9,790,667,859,355,247,36,913,135,62,36,913,761,890,358,963,175,550,#73.11#6220662206#47184#47184#47184
